41,44,153,99,159,141,220,254,
163,170,158,74,96,245,177,73,
218,63,250,102,87,84,11,157,
81,171,166,77,83,107,169,150,
210,10,117,192,36,247,223,38,
54,116,22,106,152,217,145,26,
98,72,253,133,244,27,222,212,
198,193,235,160,59,48,88,136,
209,226,70,15,78,202,194,61,
146,101,75,31,142,5,67,65,
47,103,125,251,89,151,111,221,
13,34,94,147,109,14,113,168,
219,52,174,187,236,228,8,195,
231,33,241,45,86,128,112,79,
127,71,42,55,53,3,214,123,
37,1,225,216,21,17,85,104,
179,233,155,238,232,68,115,119,
39,131,124,246,252,93,164,203,
189,28,183,66,122,19,135,80,
240,6,9,76,208,24,30,156,
144,46,234,35,97,224,181,121,
62,190,255,108,90,167,149,148,
2,23,185,227,139,239,137,180,
40,105,243,143,126,7,4,242,
201,110,211,118,56,57,25,172,
20,176,205,182,12,51,132,154,
175,173,162,213,120,184,161,95,
32,0,215,60,206,130,82,69,
129,207,16,197,230,64,138,92,
186,196,188,91,43,237,204,100,
134,114,49,199,50,191,165,18,
29,140,58,200,178,248,229,249,
36,62,123,246,161,106,25,158,
47,101,40,136,84,156,131,146,
174,52,67,108,120,124,31,150,
231,242,187,78,0,137,23,64,
14,61,236,81,180,148,102,226,
241,113,200,145,15,194,94,181,
34,79,216,3,160,185,50,109,
162,18,190,143,147,99,201,58,
183,11,12,230,1,115,198,168,
251,16,225,105,126,134,250,205,
196,93,118,138,152,184,125,65,
234,30,121,203,140,132,89,252,
49,207,163,128,112,204,214,72,
199,253,98,57,173,179,157,237,
202,212,182,244,169,164,240,192,
248,135,165,249,127,19,229,222,
130,243,104,38,245,32,68,59,
85,209,107,176,139,129,5,210,
35,172,217,193,28,208,178,60,
53,155,254,74,227,111,82,247,
77,151,4,17,33,91,233,95,
41,238,149,110,24,56,86,44,
45,228,211,88,220,221,197,10,
51,191,223,235,100,114,195,54,
71,43,83,189,70,55,166,92,
22,80,29,142,87,48,6,171,
75,13,232,73,39,153,215,186,
63,119,103,26,206,255,117,167,
188,37,177,96,116,97,27,76,
21,144,122,154,141,170,175,66,
224,9,69,20,239,133,7,42,
8,219,159,218,213,2,46,90,
232,105,85,82,194,212,12,186,
168,24,170,228,126,221,166,193,
214,235,25,136,40,17,154,226,
252,146,23,42,249,231,204,229,
38,109,2,153,240,135,244,54,
176,121,5,57,120,152,239,79,
118,207,78,70,177,122,110,90,
243,200,48,191,89,202,8,80,
219,100,150,62,148,20,74,218,
37,241,180,10,45,175,73,185,
238,133,99,254,125,173,195,77,
123,93,64,39,141,131,210,209,
14,127,15,95,184,55,217,174,
104,160,46,92,86,139,171,206,
250,101,50,22,67,227,60,30,
29,149,215,223,164,115,84,3,
245,222,163,94,132,0,189,103,
51,134,112,142,234,7,71,182,
187,198,242,87,49,28,237,21,
56,236,58,26,41,114,116,9,
246,201,147,69,172,91,251,1,
108,179,98,203,178,161,63,144,
151,31,4,162,138,128,211,208,
167,224,6,65,111,220,165,197,
76,253,130,119,159,196,75,59,
33,192,199,35,129,43,32,169,
216,53,34,97,190,188,44,107,
66,72,18,183,230,156,16,213,
157,96,13,247,155,88,81,145,
52,117,113,137,248,205,181,36,
11,143,83,68,106,61,158,255,
140,19,225,47,233,27,102,124,
68,160,153,53,61,0,4,103,
225,203,59,184,131,9,31,172,
146,37,198,178,88,30,22,187,
101,227,151,83,99,100,64,147,
84,250,185,207,161,130,42,122,
74,85,162,96,87,126,50,106,
169,180,44,7,58,222,80,183,
166,136,2,51,16,254,23,127,
33,19,138,229,205,223,11,129,
29,118,239,62,3,109,70,144,
17,140,56,97,49,218,190,224,
28,26,27,226,91,54,35,241,
110,40,176,219,210,201,155,93,
213,191,237,63,15,199,220,113,
134,163,24,245,196,186,125,38,
194,60,231,168,236,78,148,25,
92,152,158,197,135,132,116,156,
89,179,143,173,121,174,72,246,
252,240,75,98,34,133,119,21,
115,208,102,189,255,41,141,248,
204,112,217,249,167,36,76,10,
123,209,232,94,45,221,165,244,
79,251,8,52,32,195,211,66,
192,1,81,69,230,149,18,200,
233,170,14,171,142,108,238,214,
247,177,67,86,202,157,228,234,
150,235,175,12,215,182,90,95,
164,124,137,46,128,73,111,181,
55,77,13,154,243,47,120,107,
139,6,206,188,20,82,145,242,
212,71,159,48,39,114,216,253,
104,5,43,57,105,117,65,193,
31,62,116,68,59,148,128,217,
89,67,71,109,76,228,20,138,
96,82,55,218,35,175,19,181,
32,25,154,253,163,156,53,160,
38,233,234,11,137,23,102,64,
187,3,123,15,72,164,21,212,
169,182,16,152,186,242,57,97,
168,243,45,86,226,6,98,215,
94,183,50,225,122,139,85,26,
214,134,42,84,39,60,151,101,
65,170,209,155,73,124,224,17,
108,167,129,130,149,165,112,114,
63,143,189,240,100,30,104,27,
204,221,237,18,135,180,36,14,
159,93,2,184,202,70,153,185,
52,190,80,90,174,28,103,54,
113,106,78,231,83,200,193,117,
161,120,29,210,144,107,118,41,
150,252,125,249,213,69,235,207,
8,177,166,247,219,157,10,244,
198,222,211,115,201,172,206,74,
140,197,99,232,227,250,245,4,
56,158,7,88,145,192,205,49,
46,34,179,127,91,147,136,230,
255,194,188,9,223,43,12,87,
33,121,37,178,229,126,162,248,
216,5,1,254,79,195,119,44,
146,133,142,173,241,171,66,236,
239,246,81,22,110,220,58,141,
24,48,77,111,40,208,196,203,
131,251,95,92,238,61,0,132,
199,13,75,105,47,176,191,51,
38,125,159,39,51,27,207,83,
163,111,48,238,144,134,236,85,
89,99,26,153,231,232,16,227,
19,174,123,34,249,41,216,171,
50,132,162,42,12,184,195,101,
40,96,234,81,35,214,61,202,
190,72,230,151,251,247,177,21,
102,148,121,22,65,194,20,107,
135,209,68,140,169,178,217,44,
110,181,206,226,146,73,67,218,
221,220,115,182,109,175,71,84,
28,124,45,17,0,98,18,201,
49,74,179,37,5,139,196,193,
129,57,105,7,119,120,137,78,
14,108,92,30,75,242,59,225,
149,116,198,241,143,87,244,86,
219,185,165,55,8,76,103,167,
224,157,161,94,117,237,13,79,
150,170,138,191,229,245,145,204,
250,203,36,15,52,6,136,187,
63,255,197,188,127,199,240,211,
128,47,25,56,168,33,147,100,
189,212,156,32,80,54,152,133,
208,205,154,95,126,131,11,82,
58,3,223,122,2,24,91,1,
29,222,246,97,248,252,43,176,
64,173,166,239,60,23,130,112,
46,192,158,114,9,180,253,106,
183,228,4,113,69,160,70,243,
90,172,93,141,200,66,118,31,
186,233,62,88,254,77,53,10,
213,142,235,215,104,164,155,210,
126,74,35,205,65,89,91,101,
83,103,174,144,30,145,48,183,
156,210,128,99,18,176,61,223,
116,159,200,141,60,117,19,73,
166,233,133,123,26,252,208,125,
43,243,32,37,81,15,236,239,
21,201,251,78,8,120,140,5,
129,228,97,139,96,75,14,72,
198,160,222,181,170,137,161,185,
106,85,248,112,225,132,95,134,
217,36,34,130,109,230,25,10,
121,40,57,211,188,39,168,175,
6,167,46,199,86,53,76,79,
135,45,118,249,84,218,187,87,
100,165,66,221,94,224,219,172,
58,242,28,52,146,49,158,178,
179,136,41,59,237,244,7,227,
90,9,238,92,194,102,148,254,
189,229,250,13,54,190,180,214,
246,149,111,104,80,162,88,191,
122,68,119,182,203,67,63,212,
62,154,29,173,196,231,16,42,
245,17,204,234,77,20,138,11,
240,33,50,235,107,247,169,24,
153,44,98,184,110,127,147,124,
4,226,131,207,69,255,55,215,
151,193,93,143,202,12,70,216,
56,115,71,64,177,253,171,2,
213,195,142,152,1,0,220,22,
163,47,108,114,155,3,51,23,
82,192,27,232,164,209,113,186,
31,150,105,157,38,197,241,206,
56,3,196,117,14,199,240,148,
122,75,188,67,25,220,129,192,
201,58,167,181,18,221,140,151,
153,250,68,227,126,184,82,54,
215,213,70,19,223,121,119,233,
200,204,109,232,145,48,149,244,
120,108,39,123,87,30,222,136,
88,133,4,166,86,73,154,2,
46,238,66,225,131,13,241,135,
72,218,132,63,230,79,41,38,
161,209,34,150,53,163,219,234,
138,144,235,226,17,124,100,115,
183,92,97,231,101,76,59,127,
105,125,175,165,61,193,249,162,
55,187,203,28,103,251,247,137,
178,118,21,74,152,98,71,35,
78,214,160,81,114,24,93,45,
164,110,69,185,85,51,189,40,
104,217,42,207,57,15,95,83,
176,198,229,179,8,20,37,5,
134,9,195,139,197,156,6,29,
116,157,143,12,168,190,16,146,
94,252,158,43,216,246,248,237,
243,173,65,211,77,60,142,191,
36,90,205,27,208,169,64,10,
99,32,49,141,147,106,33,236,
212,206,80,52,44,23,62,171,
210,112,50,159,255,84,170,253,
254,224,113,245,194,239,182,1,
202,7,228,89,96,130,172,22,
111,31,186,11,180,128,155,91,
107,242,47,102,177,0,26,174,
209,59,216,92,140,215,118,185,
99,176,11,182,166,42,66,6,
30,252,115,82,41,8,165,60,
80,116,255,37,64,71,193,227,
149,217,139,34,75,103,5,148,
97,27,56,28,73,219,221,152,
112,88,214,129,53,188,90,211,
52,107,101,31,244,132,29,122,
69,84,78,24,20,192,57,72,
100,58,119,143,35,174,111,213,
47,159,131,2,108,85,198,93,
253,124,207,146,23,68,120,36,
224,168,232,65,233,204,154,241,
12,251,1,123,54,142,220,133,
242,14,181,206,238,150,187,43,
173,33,254,16,145,63,156,15,
208,127,32,22,77,160,40,126,
245,94,239,105,184,117,229,234,
83,247,3,231,189,19,55,98,
114,250,195,197,226,0,190,141,
38,240,51,125,102,87,128,4,
225,109,95,67,17,212,147,228,
202,50,39,164,137,236,203,136,
237,175,113,194,62,200,9,25,
155,138,26,135,172,191,70,79,
96,151,91,243,170,199,183,223,
235,201,171,157,130,13,169,186,
49,153,230,218,248,222,134,177,
210,121,18,249,86,45,246,196,
46,89,178,76,106,44,163,167,
21,74,7,158,162,10,110,179,
104,48,144,81,61,180,205,161,
50,41,78,27,62,147,190,56,
120,209,32,84,224,142,228,26,
51,143,222,233,161,238,85,151,
225,252,195,248,48,133,74,192,
172,137,70,184,105,136,226,72,
157,129,240,146,169,103,19,38,
116,149,208,121,234,220,125,43,
246,20,114,205,65,73,66,95,
177,79,176,39,63,171,204,83,
131,71,178,117,123,44,154,186,
90,247,21,167,3,126,61,148,
59,119,162,53,49,68,218,76,
16,236,198,112,165,191,170,237,
173,152,197,55,107,243,163,199,
244,5,155,22,110,235,24,230,
77,69,203,132,7,216,35,182,
124,138,52,156,29,206,104,81,
241,14,10,11,98,174,54,102,
99,217,239,254,212,97,134,166,
46,4,150,194,111,200,45,175,
109,1,115,185,210,88,141,140,
202,164,223,160,181,250,17,242,
94,227,91,36,58,135,153,0,
33,80,87,100,28,219,92,57,
108,96,232,67,13,189,34,168,
253,215,42,60,139,47,221,130,
196,113,86,25,31,127,12,158,
23,245,106,187,201,118,144,207,
82,179,213,145,211,183,255,18,
30,9,188,128,75,89,37,101,
159,40,2,122,251,231,93,214,
8,193,229,6,180,249,15,64,
108,161,230,252,189,192,27,29,
188,4,32,143,152,38,5,93,
162,233,240,121,210,203,25,72,
211,111,112,226,185,213,51,99,
250,180,191,194,182,109,126,82,
202,84,47,39,241,18,1,142,
228,127,174,12,129,128,96,53,
148,122,144,165,164,116,9,248,
80,231,147,216,247,40,13,146,
207,166,221,104,92,160,48,50,
52,181,197,124,67,62,6,31,
87,85,107,91,251,219,119,105,
237,153,54,133,100,168,136,115,
255,179,220,55,120,243,42,208,
63,158,215,59,28,131,154,172,
205,218,2,238,242,106,254,70,
76,227,30,244,139,73,167,7,
249,118,223,37,19,245,65,95,
78,22,217,198,15,43,41,224,
176,201,44,102,130,89,33,171,
232,60,163,229,98,140,132,150,
79,214,190,113,156,90,169,61,
175,236,145,199,26,184,246,141,
234,239,101,200,173,178,46,134,
155,66,212,71,68,74,94,110,
159,170,11,125,97,157,225,75,
253,151,193,45,20,14,123,149,
103,222,196,24,135,86,187,117,
183,0,209,17,138,49,114,204,
36,16,137,206,64,69,77,3,
8,21,57,34,195,186,10,35,
58,23,56,81,83,88,235,177,
97,167,52,50,54,4,103,48,
18,71,108,126,62,177,166,12,
47,170,114,198,215,55,33,172,
247,15,64,238,46,57,16,221,
73,128,28,137,85,203,228,8,
171,192,72,58,67,98,191,94,
224,80,164,254,169,69,91,93,
109,212,2,56,132,145,233,143,
201,53,42,185,125,206,76,44,
242,253,88,223,105,235,131,20,
116,182,202,1,162,31,252,230,
199,22,104,129,204,244,86,36,
207,13,70,38,14,200,138,251,
196,161,234,155,176,181,209,17,
246,156,24,141,189,150,135,183,
142,190,120,7,117,102,148,106,
34,32,236,30,218,118,136,205,
153,59,139,0,160,122,248,237,
115,180,89,158,23,245,60,154,
186,113,124,49,27,220,66,250,
5,217,210,25,79,39,163,40,
127,249,123,11,61,195,21,241,
3,225,165,26,157,87,107,19,
119,240,78,173,208,184,95,41,
147,96,65,83,255,100,43,111,
232,174,134,149,77,130,231,75,
152,151,82,144,179,197,219,6,
35,159,187,178,112,193,226,110,
188,214,229,9,10,168,101,92,
90,133,227,29,211,63,216,84,
194,222,99,74,140,243,239,81,
213,175,146,121,51,37,45,68,
218,173,144,28,57,32,80,226,
229,29,249,205,103,23,108,190,
250,38,198,128,52,93,96,90,
159,61,150,60,127,136,71,15,
122,87,110,236,74,149,166,11,
112,195,69,3,147,177,85,12,
101,47,139,30,243,228,163,187,
174,89,232,225,211,178,151,59,
98,192,24,1,46,49,206,154,
27,207,126,176,133,45,31,117,
50,18,102,203,111,58,255,6,
77,107,88,155,167,118,170,75,
121,36,169,222,135,251,186,202,
37,148,141,63,67,113,241,124,
156,62,64,199,252,171,8,142,
41,9,253,115,137,153,197,234,
210,81,48,184,92,40,20,168,
70,14,160,219,125,83,214,230,
134,109,5,42,132,181,179,191,
138,79,157,25,221,246,238,104,
10,84,39,223,114,233,235,164,
242,254,172,209,212,227,13,19,
193,86,73,180,123,245,26,55,
119,4,204,33,143,231,105,53,
76,158,216,247,43,66,54,131,
244,220,95,82,44,35,146,194,
130,99,188,145,106,213,56,68,
17,116,91,100,0,78,152,189,
16,22,94,240,161,21,129,175,
248,239,34,97,7,162,165,182,
201,72,65,185,200,224,237,196,
51,120,2,217,215,183,208,140,
111,241,92,17,188,177,164,226,
185,124,43,199,223,161,225,209,
74,10,25,179,167,166,137,145,
14,2,155,189,53,31,4,162,
90,35,253,18,88,9,210,16,
213,28,255,107,59,8,87,234,
49,134,105,212,83,45,228,197,
180,206,81,96,125,133,158,132,
29,99,95,97,76,240,236,91,
42,120,65,117,231,191,98,82,
215,21,169,151,103,23,174,247,
221,201,163,27,154,70,238,68,
11,211,130,0,113,122,222,248,
146,85,48,194,80,119,108,138,
123,40,165,129,63,44,6,143,
128,249,71,244,170,46,30,171,
19,190,237,239,24,100,114,149,
196,229,1,106,198,64,153,152,
243,61,157,54,121,118,89,147,
77,250,205,12,216,159,173,78,
160,127,175,141,233,102,86,178,
207,224,38,200,183,230,219,66,
227,168,47,93,51,156,144,251,
32,57,140,208,36,3,220,34,
26,218,13,182,135,184,193,116,
94,214,15,58,235,101,150,55,
203,5,126,67,39,142,73,139,
195,56,204,217,109,62,245,176,
187,84,172,192,33,7,112,110,
37,186,202,246,72,22,20,242,
75,136,52,254,252,60,115,79,
131,104,69,50,148,41,232,181,
107,163,213,223,140,169,1,28,
30,172,131,217,106,53,239,0,
210,166,50,247,190,251,156,121,
59,29,36,60,230,174,70,4,
171,41,108,134,229,184,175,234,
146,126,7,123,236,18,202,10,
168,250,116,24,97,155,117,38,
34,81,206,136,248,161,167,103,
21,13,235,89,221,142,137,46,
105,151,178,208,194,186,118,141,
157,86,150,110,45,26,40,2,
122,65,56,159,9,222,51,227,
224,3,152,72,180,15,109,62,
125,135,96,75,87,64,71,90,
255,23,225,11,69,84,5,66,
143,128,22,240,101,170,114,214,
42,83,98,127,35,73,148,198,
188,196,74,237,160,17,211,173,
12,16,25,158,58,253,246,238,
100,111,200,244,154,189,37,182,
228,63,218,233,54,93,132,68,
76,226,48,94,43,201,133,245,
183,31,88,220,232,20,27,139,
55,124,252,149,215,8,82,145,
85,187,6,207,212,193,231,181,
249,164,79,243,195,39,162,92,
80,129,99,241,191,78,144,242,
219,254,102,95,147,47,57,19,
177,61,67,44,192,204,52,49,
130,199,185,33,112,138,14,203,
115,179,119,153,104,197,77,120,
113,216,91,32,209,176,205,165,
59,238,94,189,146,132,192,220,
91,16,121,235,17,254,106,195,
85,56,233,242,169,1,0,222,
27,31,26,38,110,62,11,144,
107,217,140,186,35,64,83,232,
136,172,224,76,162,98,175,15,
141,33,60,226,2,205,108,176,
245,88,97,127,248,228,154,69,
51,179,182,101,40,241,240,210,
117,191,29,128,152,90,95,166,
86,120,21,165,177,81,115,82,
180,155,211,125,246,200,216,234,
14,214,213,212,158,174,3,250,
199,10,54,72,229,209,105,135,
206,151,4,202,87,99,116,227,
45,134,203,20,252,255,70,119,
19,153,170,237,22,204,18,68,
55,46,201,239,89,219,30,73,
171,130,225,34,126,112,138,48,
49,244,161,8,194,78,5,251,
96,197,7,249,36,93,223,37,
181,43,196,215,129,156,42,183,
102,47,57,80,168,167,92,32,
208,159,190,139,178,147,218,65,
100,75,109,41,9,123,67,187,
118,28,163,243,236,122,188,185,
133,111,24,50,173,66,79,53,
160,157,103,71,113,12,25,150,
149,143,137,230,61,39,114,164,
207,13,193,6,104,198,63,131,
148,124,74,253,23,84,231,44,
145,58,247,142,77,52,221,184,
42,230,100,175,74,202,23,111,
52,73,242,184,189,103,191,137,
159,167,153,58,190,144,199,149,
172,16,129,213,76,94,165,26,
121,19,60,227,222,232,7,32,
231,166,205,117,186,15,198,39,
62,178,67,82,59,95,148,5,
2,92,255,194,156,185,160,219,
174,169,84,145,142,141,221,150,
12,83,96,36,61,70,78,68,
44,180,223,43,54,171,106,247,
64,245,210,225,228,40,65,35,
45,201,200,89,0,90,162,218,
211,97,125,251,229,98,69,85,
3,197,105,33,79,152,246,239,
176,220,87,71,49,115,253,112,
216,21,99,192,72,233,206,135,
80,38,164,34,134,48,131,163,
50,143,88,133,252,136,102,18,
204,151,212,237,209,139,6,41,
120,195,179,29,24,123,10,9,
109,31,132,55,234,124,236,28,
181,248,110,20,155,107,27,254,
86,226,118,158,224,17,113,57,
138,240,101,168,214,104,4,11,
128,154,93,63,161,46,244,8,
140,188,183,114,81,56,77,196,
14,37,116,51,53,30,122,241,
243,207,157,170,119,177,217,182,
147,25,173,130,146,108,250,47,
126,249,203,22,1,75,127,66,
193,235,208,13,91,215,238,187,
87,218,100,255,165,9,202,136,
30,80,56,154,187,41,111,105,
91,35,158,55,240,166,245,181,
114,1,172,195,243,29,117,224,
47,122,159,151,212,127,126,92,
104,211,190,2,149,250,99,36,
132,184,207,162,28,42,113,81,
74,96,60,26,4,76,221,137,
246,247,222,110,170,219,185,191,
210,72,19,109,78,152,69,229,
135,179,232,18,124,134,98,145,
206,33,160,174,182,20,85,93,
101,5,12,252,133,138,23,208,
178,0,204,164,13,249,215,121,
65,77,64,90,139,234,147,198,
242,216,94,70,189,125,220,48,
200,155,173,120,67,199,22,103,
118,63,107,71,108,194,14,230,
143,58,53,238,16,82,253,129,
175,177,157,148,254,119,171,112,
231,228,106,34,188,66,144,123,
225,97,38,142,203,193,241,115,
75,40,223,163,196,128,11,213,
183,88,3,168,32,8,43,24,
251,39,57,239,61,46,150,153,
45,68,205,10,217,95,37,180,
244,6,17,227,27,25,50,62,
169,49,226,54,176,79,197,214,
130,83,140,192,7,21,51,236,
116,89,146,161,237,84,141,156,
235,201,102,167,44,31,131,86,
248,233,209,52,15,186,59,73,
88,249,30,164,42,228,132,198,
131,227,7,184,5,168,177,57,
241,133,0,202,9,183,47,171,
45,181,84,213,235,220,155,219,
37,16,200,13,101,53,68,58,
224,43,10,148,31,129,19,173,
116,71,79,229,118,85,44,78,
246,138,109,243,244,160,4,237,
231,239,95,80,89,15,112,135,
212,81,248,124,242,38,20,26,
221,233,180,236,12,185,147,28,
203,97,114,193,110,195,93,67,
55,217,69,90,2,245,167,156,
174,187,123,22,65,73,54,163,
105,247,165,18,35,140,56,29,
92,24,190,34,113,250,143,120,
222,205,111,134,60,52,170,201,
121,157,108,149,36,240,188,189,
172,196,253,91,61,139,66,11,
104,107,145,3,199,21,162,207,
208,94,232,127,152,46,154,211,
141,128,119,41,51,136,87,179,
192,70,40,83,14,33,48,197,
186,223,142,238,125,6,150,122,
137,204,161,1,169,63,99,214,
178,176,50,254,126,166,98,77,
158,96,75,106,215,225,102,234,
100,27,39,210,82,216,230,62,
130,194,251,49,255,218,32,146,
23,117,64,115,206,17,153,175,
252,226,103,74,151,191,76,159,
72,209,144,86,59,182,8,25,
81,157,84,10,80,221,42,66,
193,77,180,184,202,207,48,53,
239,9,3,198,44,27,211,63,
143,130,215,24,132,234,19,167,
247,92,61,39,46,244,79,240,
101,220,29,187,160,151,31,205,
150,141,231,17,128,38,126,213,
60,216,172,204,72,165,246,57,
21,254,252,91,194,136,169,225,
168,158,148,45,164,236,232,140,
62,114,162,175,71,217,235,251,
200,129,253,119,33,203,103,197,
249,43,41,139,22,145,112,94,
195,144,135,2,54,123,142,86,
105,36,8,214,108,134,40,190,
248,176,209,124,212,233,73,208,
23,125,65,229,238,85,255,131,
95,26,237,111,133,188,47,67,
174,98,11,224,201,87,69,118,
120,7,14,74,28,181,82,68,
226,146,5,228,6,149,218,4,
18,183,89,163,1,110,166,241,
76,159,93,52,16,56,199,64,
121,138,137,161,49,154,156,206,
210,25,147,88,34,30,117,222,
178,223,219,59,100,155,196,116,
182,153,55,12,102,245,113,97,
192,243,75,227,96,250,152,51,
179,37,90,186,122,109,173,58,
107,0,35,189,104,242,127,70,
78,185,106,83,32,50,171,13,
99,20,177,115,170,15,191,230,
49,138,144,231,246,26,247,109,
168,255,89,141,123,20,21,29,
253,78,103,96,160,175,227,25,
187,73,57,222,223,43,38,106,
133,185,163,150,112,127,137,205,
35,189,22,6,124,19,211,72,
201,128,13,119,208,194,159,115,
44,71,171,23,181,63,212,59,
79,149,204,219,84,148,139,30,
68,8,249,62,232,145,12,100,
129,180,32,101,167,27,233,210,
142,186,170,121,40,251,130,155,
1,242,31,176,234,209,165,28,
236,41,48,125,104,36,77,229,
91,75,152,92,161,110,221,131,
206,50,220,117,99,113,207,67,
240,55,245,105,146,61,14,151,
250,196,183,225,228,199,134,166,
51,64,102,54,90,42,238,122,
190,15,58,226,5,16,120,10,
216,136,37,198,0,147,107,235,
241,86,118,74,46,218,56,34,
3,97,184,164,252,85,87,237,
108,239,18,197,33,154,195,4,
53,82,202,114,156,162,80,132,
173,11,70,193,140,126,178,93,
52,191,244,47,192,9,243,135,
172,248,188,116,200,158,215,213,
224,157,76,174,17,169,111,177,
203,217,179,81,24,83,214,66,
2,182,94,98,39,45,60,7,
88,95,69,153,143,230,254,65,
186,53,28,238,113,212,14,243,
152,40,255,77,206,63,78,129,
41,142,33,144,179,60,93,157,
249,175,245,56,51,34,52,224,
3,139,221,57,47,69,228,231,
203,101,75,162,222,151,71,111,
62,190,153,9,105,5,131,160,
225,38,35,214,166,192,209,72,
64,171,95,46,178,232,61,118,
185,6,97,87,79,4,122,16,
184,170,135,70,201,147,234,158,
252,173,202,117,73,8,242,247,
0,112,116,143,172,207,120,50,
84,161,104,68,121,200,174,67,
248,44,136,42,191,148,114,130,
137,31,240,180,133,193,211,94,
110,134,59,181,90,205,141,230,
85,80,83,246,199,219,20,7,
119,253,12,194,154,169,239,81,
204,128,49,155,176,43,183,1,
159,86,223,92,124,45,13,22,
195,99,76,100,54,98,215,21,
18,2,146,229,10,24,106,39,
167,11,132,82,138,198,150,58,
197,108,254,109,29,23,237,27,
208,227,25,30,66,127,103,220,
96,55,189,37,140,48,126,36,
115,123,125,182,168,244,107,226,
236,145,149,17,251,250,163,196,
216,156,91,32,89,65,177,188,
102,74,233,217,15,88,164,187,
19,241,165,26,218,235,210,213,
137,116,185,130,235,88,162,31,
125,129,146,61,63,106,60,83,
22,243,221,71,65,4,48,244,
105,138,220,68,133,149,72,175,
27,53,190,206,193,189,218,112,
115,174,183,245,30,128,139,213,
154,147,211,25,10,44,59,159,
67,173,119,40,69,14,201,145,
230,73,52,75,166,74,34,84,
20,56,143,1,32,226,26,107,
240,239,117,23,212,236,55,223,
86,207,70,242,250,62,198,136,
108,80,246,7,132,229,234,194,
97,126,15,47,210,196,167,192,
76,104,103,255,94,200,37,99,
123,6,19,111,87,222,45,179,
49,228,141,177,191,170,29,114,
247,171,122,39,100,43,109,11,
164,134,90,208,18,232,58,28,
3,254,51,66,131,186,101,251,
195,140,16,216,127,120,184,158,
151,178,155,92,180,161,160,118,
157,12,50,163,124,0,135,91,
79,153,169,46,217,227,199,172,
36,225,113,204,148,9,176,42,
85,54,95,24,188,238,110,8,
82,202,253,249,77,219,165,2,
21,203,89,248,78,182,252,150,
93,156,224,142,121,233,241,197,
81,144,64,102,209,237,214,98,
187,38,168,205,215,181,17,13,
152,96,41,35,33,57,5,231,
50,82,221,47,218,217,166,153,
102,137,109,158,167,216,182,246,
192,183,199,236,49,241,185,175,
234,177,77,184,57,34,204,42,
235,35,68,146,56,143,62,247,
27,255,90,70,11,132,173,211,
201,224,80,22,4,222,227,64,
205,36,18,228,238,58,168,37,
179,119,63,117,129,99,232,24,
187,40,128,210,154,231,163,170,
152,92,151,214,69,157,145,32,
61,200,142,33,144,44,207,147,
122,89,125,206,138,243,245,148,
181,190,174,81,104,2,111,244,
66,43,155,139,54,95,29,140,
176,178,96,31,161,108,79,59,
118,52,3,134,230,113,16,83,
226,86,71,100,110,253,195,212,
14,202,208,233,51,116,251,141,
105,193,240,97,85,130,84,45,
23,1,12,164,171,76,249,198,
126,242,162,196,67,0,46,188,
75,120,124,93,98,87,30,239,
203,55,220,78,15,127,237,223,
123,219,72,133,13,160,213,229,
21,10,215,38,91,53,5,248,
172,8,41,191,88,115,60,149,
6,39,136,17,254,114,106,150,
252,107,135,194,9,25,189,225,
28,74,156,131,165,73,121,19,
65,20,103,26,7,209,180,101,
186,197,48,159,94,169,112,250,
189,173,238,69,180,22,151,143,
3,108,120,162,31,77,26,101,
103,20,118,183,67,174,231,179,
73,113,27,92,149,205,220,227,
29,19,97,61,93,212,111,219,
232,223,145,203,10,85,161,158,
51,206,150,214,186,117,7,198,
9,136,157,210,64,65,255,133,
34,178,6,199,87,200,201,116,
13,132,246,253,138,33,146,91,
53,12,38,126,105,62,140,215,
197,163,249,84,81,129,229,141,
127,254,107,8,226,79,181,123,
192,171,211,95,125,17,75,76,
130,204,114,28,167,168,24,222,
16,188,216,83,30,243,96,43,
230,193,71,121,94,44,175,207,
68,15,86,37,177,142,35,55,
185,221,165,135,54,59,194,225,
60,147,115,182,90,66,40,80,
78,56,247,154,191,237,11,156,
235,153,233,172,41,148,88,160,
236,100,187,218,109,2,128,239,
217,242,102,213,139,250,21,39,
137,241,32,251,240,110,89,63,
134,36,122,159,45,4,228,244,
52,195,202,209,74,70,112,104,
23,82,1,72,144,166,131,252,
124,176,57,14,155,48,119,18,
46,190,25,152,49,184,224,169,
208,50,164,245,106,58,170,196,
47,0,5,99,42,98,234,248,
251,44,19,9,88,53,220,159,
48,169,113,248,62,255,174,134,
59,96,42,200,215,151,183,247,
31,221,224,216,41,166,228,11,
79,208,13,146,43,167,125,239,
69,28,155,61,20,10,240,176,
226,29,252,147,245,225,223,91,
219,47,39,142,145,234,213,243,
35,114,238,95,253,182,66,160,
187,149,92,133,77,102,100,52,
177,236,40,204,87,227,26,27,
106,76,80,18,78,179,231,172,
63,193,7,94,99,57,235,188,
124,189,144,139,121,115,3,230,
181,197,191,126,165,122,162,1,
12,16,161,89,21,168,250,210,
138,229,56,75,64,111,109,2,
196,127,93,60,171,97,103,148,
71,51,0,173,129,55,49,156,
32,98,164,190,65,22,4,180,
82,205,218,112,249,5,150,192,
86,206,90,24,30,104,246,74,
68,194,14,8,184,141,136,105,
152,54,137,175,170,203,241,81,
15,120,199,163,25,17,186,157,
217,207,67,23,209,140,73,84,
143,131,72,116,132,232,37,108,
214,135,195,38,85,110,185,153,
237,36,154,233,58,123,211,117,
83,119,158,107,45,212,178,101,
130,198,128,244,46,33,202,222,
242,254,50,118,201,6,34,70,
255,4,41,168,216,194,188,26,
50,62,187,143,105,220,109,144,
211,146,78,58,73,43,229,248,
133,151,40,111,135,90,13,10,
241,126,12,232,97,182,139,205,
227,91,176,167,47,71,34,94,
206,49,74,189,35,234,121,210,
64,14,102,154,179,63,33,88,
228,93,145,199,247,202,224,165,
36,70,180,95,253,86,82,110,
136,237,213,223,172,186,254,233,
103,215,81,124,56,190,175,57,
193,174,129,157,238,152,225,92,
87,37,18,164,46,192,83,21,
217,31,207,148,208,201,17,119,
120,156,222,5,134,235,52,23,
29,184,9,209,53,196,185,25,
244,38,250,1,137,51,242,245,
117,147,198,77,104,22,15,246,
140,231,122,89,75,153,48,161,
158,19,130,54,183,3,7,252,
45,173,39,131,107,72,85,80,
243,27,30,96,239,125,68,114,
84,2,66,98,0,171,236,214,
101,149,221,218,219,44,150,230,
138,170,16,132,76,116,79,204,
159,178,177,203,181,67,141,155,
24,100,8,112,191,20,123,65,
28,69,59,108,99,226,169,115,
195,249,118,55,127,142,212,60,
61,200,240,6,251,32,106,113,
163,11,197,160,162,42,128,166,
247,3,243,87,31,27,234,46,
93,127,83,88,193,174,221,41,
38,181,238,188,150,57,104,49,
77,97,149,246,190,40,123,214,
178,39,170,67,158,216,118,119,
250,227,148,91,117,182,164,37,
146,60,79,198,108,224,80,207,
159,105,147,61,29,44,144,205,
165,186,63,217,209,96,95,30,
54,131,155,5,103,114,134,52,
202,167,162,201,68,223,116,53,
76,139,82,225,156,196,112,199,
231,56,244,204,122,145,18,6,
13,0,115,130,179,151,109,220,
138,84,253,137,94,28,23,142,
58,42,251,34,241,208,232,25,
32,9,143,197,235,121,213,153,
194,12,187,203,90,237,66,47,
157,206,62,71,129,154,1,55,
252,212,229,126,10,73,15,101,
113,24,166,22,185,230,102,183,
172,135,215,163,184,2,176,65,
50,248,228,160,133,21,132,64,
136,19,218,255,85,152,75,100,
7,222,106,191,98,86,200,210,
168,43,211,36,195,161,141,92,
107,17,33,16,69,175,99,74,
81,233,240,140,89,26,8,128,
192,125,226,236,242,11,48,59,
4,78,20,177,70,110,239,120,
45,189,173,180,111,14,245,35,
171,124,169,249,72,254,51,219,
232,199,137,118,35,129,128,184,
219,201,38,120,161,98,12,163,
200,142,21,112,104,235,22,105,
208,213,209,122,85,247,100,37,
197,67,46,78,68,150,86,238,
123,27,51,110,205,33,92,148,
153,239,210,249,52,230,94,212,
44,50,183,4,240,179,89,64,
6,13,95,253,30,231,159,141,
113,25,252,245,124,202,84,18,
147,81,155,34,224,164,28,62,
140,87,162,192,158,23,133,55,
193,254,19,10,83,204,144,114,
9,244,166,20,102,207,24,228,
106,17,53,77,0,36,66,151,
223,127,221,194,93,191,80,255,
111,251,172,107,165,182,154,189,
11,5,146,130,243,97,32,126,
70,131,246,138,43,176,157,82,
42,215,250,14,71,65,134,173,
125,109,79,69,185,214,45,187,
156,171,121,76,47,56,57,139,
181,234,177,220,188,225,108,88,
26,73,167,91,248,168,48,72,
29,119,59,149,203,195,218,152,
174,178,206,75,237,116,58,229,
103,211,40,227,3,60,190,241,
217,180,39,99,16,74,90,7,
117,49,54,41,226,31,160,63,
233,143,169,222,236,242,135,1,
175,198,196,136,15,8,101,2,
115,170,132,216,145,186,61,96,
41,175,57,117,92,126,32,129,
14,249,73,30,171,231,248,25,
174,221,23,59,64,147,255,95,
179,139,22,121,133,98,50,199,
165,56,83,234,195,146,155,66,
176,180,245,58,235,7,161,160,
78,181,19,131,68,173,223,99,
91,145,51,193,35,74,225,162,
105,214,100,43,236,217,187,106,
159,9,46,167,207,26,127,39,
251,60,224,190,189,206,119,61,
250,140,143,94,75,241,15,2,
186,67,238,69,172,93,63,0,
108,17,31,80,157,70,163,77,
21,111,72,49,137,164,115,16,
205,102,192,212,120,229,118,204,
1,239,85,123,219,10,34,226,
86,197,18,42,109,200,104,246,
209,128,240,170,125,33,124,210,
211,113,6,247,79,110,184,228,
203,230,4,218,153,44,151,141,
28,45,116,55,202,185,182,82,
38,237,136,84,215,29,37,149,
122,252,156,62,65,233,191,183,
253,88,87,40,244,227,81,169,
142,11,201,76,188,27,5,24,
135,71,154,114,152,177,90,158,
53,132,8,168,103,89,107,213,
48,232,54,20,112,96,222,242,
101,36,198,208,243,220,13,196,
130,52,166,97,254,134,148,194,
150,138,3,216,178,47,12,144,
165,6,41,251,95,197,60,226,
166,86,177,214,96,70,100,230,
132,233,143,24,154,220,193,211,
187,106,114,153,68,198,69,194,
73,137,36,157,136,150,18,67,
84,21,102,139,11,237,148,189,
23,35,113,44,242,179,145,12,
55,164,239,43,99,50,248,149,
110,204,47,174,81,140,26,31,
71,59,209,16,200,38,163,190,
122,111,127,79,184,247,255,123,
186,74,65,58,57,63,30,117,
240,128,222,97,205,138,61,29,
159,1,235,124,130,172,224,39,
229,208,176,120,142,147,109,116,
156,185,210,119,192,169,32,195,
94,225,42,212,129,62,104,250,
72,80,171,252,125,135,158,228,
121,221,161,54,7,8,207,183,
85,199,19,10,206,134,90,2,
241,93,82,25,88,103,244,238,
92,34,115,5,217,17,152,3,
219,253,162,155,46,215,180,182,
22,75,175,98,20,168,151,101,
78,254,37,131,167,141,9,53,
4,160,202,40,243,108,173,13,
105,64,196,77,33,246,48,112,
76,133,232,234,201,249,66,89,
191,223,27,49,213,107,144,245,
45,181,146,118,218,126,51,56,
52,14,170,178,87,28,0,216,
231,203,188,236,91,227,83,15,
42,180,98,52,127,89,11,49,
110,242,253,56,240,119,167,146,
135,151,207,209,72,226,220,198,
212,27,12,103,23,161,55,44,
205,141,249,174,121,136,173,77,
175,208,211,252,91,70,66,73,
21,34,85,190,172,189,217,65,
61,6,4,192,101,74,100,238,
60,178,10,37,90,33,150,114,
57,162,140,181,106,139,223,39,
160,239,116,203,51,142,153,197,
251,45,112,40,22,228,236,166,
164,157,31,118,171,29,123,248,
229,129,35,168,124,32,93,156,
231,176,82,5,58,158,1,143,
3,234,216,210,130,24,246,183,
46,247,195,215,232,16,86,107,
244,134,199,122,177,102,97,113,
17,137,20,76,25,224,185,115,
163,26,170,117,147,68,94,71,
47,250,104,67,78,214,83,95,
7,196,254,243,84,120,218,9,
152,155,126,187,69,53,105,48,
225,54,14,59,237,213,245,19,
64,188,148,186,62,13,15,109,
132,2,128,193,87,201,144,96,
255,79,81,108,184,241,133,222,
99,191,182,88,179,43,219,206,
221,18,159,50,230,194,149,36,
227,30,63,235,200,233,204,75,
28,138,131,41,154,80,111,165,
38,169,8,92,125,202,0,145,
172,180,73,244,10,199,84,14,
158,237,13,123,37,140,233,249,
69,42,128,226,240,171,111,115,
157,153,35,252,126,254,102,142,
253,227,92,178,246,200,174,183,
59,114,67,176,225,221,207,86,
130,131,216,77,154,81,166,99,
170,70,208,83,255,20,116,64,
38,79,186,250,245,28,210,168,
148,12,201,97,215,155,24,219,
182,107,211,61,181,177,127,6,
9,135,117,228,106,48,4,30,
82,95,248,44,15,184,17,202,
165,98,188,132,50,25,212,5,
121,41,122,133,159,62,31,91,
78,60,85,242,101,160,247,222,
22,2,18,209,46,204,109,239,
232,223,137,144,8,167,175,108,
162,231,90,47,113,151,63,43,
139,136,51,52,191,104,196,236,
217,185,58,206,147,39,190,3,
26,192,21,220,23,152,55,163,
138,76,27,187,110,57,112,56,
164,34,66,161,234,189,29,32,
7,75,214,229,203,105,145,0,
143,194,1,224,124,235,218,251,
179,205,120,146,213,156,103,169,
93,198,149,118,11,94,100,33,
36,119,238,96,53,197,193,68,
173,125,72,230,89,243,19,134,
40,49,74,80,129,54,87,150,
65,195,16,71,241,141,88,45,
141,14,154,62,13,205,22,80,
6,38,168,206,66,37,52,164,
31,95,56,208,29,104,255,142,
237,46,106,193,27,98,155,203,
169,157,54,147,121,93,248,113,
105,138,57,74,176,3,137,8,
76,9,179,200,12,23,19,86,
71,236,24,196,7,241,171,47,
15,233,224,229,53,102,195,78,
108,189,83,159,243,174,26,246,
43,75,163,239,198,140,188,120,
90,145,222,28,25,58,128,182,
172,209,39,69,135,232,178,129,
252,127,11,117,177,132,60,144,
16,110,84,72,212,42,126,194,
134,240,67,122,51,202,97,148,
247,44,244,59,170,184,199,161,
228,197,136,5,4,119,87,146,
114,41,100,77,61,160,115,111,
40,210,118,181,191,187,21,79,
0,82,175,226,65,254,50,223,
207,17,101,186,143,49,107,64,
55,183,1,81,215,96,2,156,
85,216,123,88,112,99,32,125,
217,253,150,149,201,130,185,190,
234,221,220,36,48,231,213,235,
103,20,242,238,68,10,167,204,
245,89,116,30,165,94,225,34,
230,139,151,45,152,35,92,109,
219,180,249,133,251,162,218,211,
173,91,250,73,63,33,131,158,
227,153,192,70,124,166,18,214,
57,37,246,54,253,254,174,180,
159,129,193,107,53,177,109,244,
40,192,123,47,247,46,69,15,
25,146,92,23,11,157,33,38,
86,165,197,16,90,234,59,98,
205,36,48,156,71,237,73,28,
24,251,88,238,225,112,124,10,
104,93,199,249,79,213,221,12,
103,141,91,50,5,167,224,226,
191,196,218,31,164,13,102,74,
168,32,133,22,161,117,217,188,
105,30,121,101,20,56,3,122,
151,42,227,21,187,189,137,240,
198,17,89,63,27,222,82,140,
173,134,243,153,4,186,95,175,
148,87,154,126,230,166,182,241,
1,204,184,149,29,158,231,18,
210,120,183,236,35,215,203,116,
216,106,162,150,143,55,26,44,
160,66,111,207,85,80,62,0,
49,172,2,181,78,138,131,220,
179,255,41,147,212,245,60,96,
68,70,108,195,206,51,119,142,
248,84,155,185,43,178,163,208,
9,130,72,39,233,239,76,8,
34,6,7,118,19,83,99,114,
64,58,75,228,235,110,127,232,
139,219,152,81,171,202,252,242,
125,100,211,77,176,145,194,94,
132,209,169,135,214,61,65,45,
14,136,144,170,67,115,97,223,
190,52,201,250,113,128,200,229,
180,234,230,24,246,130,178,243,
71,108,219,90,70,172,147,83,
204,229,17,123,140,15,139,209,
189,121,154,105,150,200,250,55,
195,60,19,191,134,3,37,63,
168,92,78,197,136,106,252,7,
198,88,67,65,217,111,162,184,
138,225,127,115,1,58,46,132,
228,221,166,93,120,185,98,36,
226,99,145,249,73,183,205,57,
181,41,128,114,117,56,149,163,
224,188,247,158,214,206,148,82,
53,110,211,126,171,176,11,6,
95,133,23,174,222,202,62,75,
116,233,119,89,85,61,129,0,
179,244,125,141,103,22,122,91,
131,35,72,165,254,242,153,5,
118,215,14,8,81,167,9,16,
186,86,33,18,237,28,207,45,
34,27,187,194,248,87,251,220,
44,94,238,203,79,213,255,160,
124,39,26,192,232,156,241,157,
159,144,74,10,177,20,212,137,
235,40,48,96,155,43,223,30,
245,253,170,143,51,239,210,107,
104,182,66,25,31,135,84,2,
216,113,97,59,193,142,69,64,
151,190,231,49,12,240,218,80,
68,101,102,201,32,77,4,21,
52,76,38,199,146,164,112,169,
47,50,100,173,227,152,208,29,
236,175,196,13,109,54,161,42,
69,120,33,67,16,4,211,237,
195,104,60,36,103,61,193,220,
196,100,247,63,12,48,118,21,
169,42,150,198,99,231,82,253,
149,136,157,76,242,62,187,192,
127,24,112,166,226,236,119,138,
44,58,74,145,93,122,41,188,
110,212,64,23,46,203,114,156,
161,255,243,248,155,80,81,109,
233,154,184,132,168,20,56,206,
146,92,245,238,179,137,123,162,
173,113,227,213,191,83,40,68,
51,72,219,252,9,31,148,18,
115,55,130,129,57,194,141,125,
8,79,176,254,121,11,214,35,
124,75,142,6,90,204,98,45,
84,249,165,235,200,222,97,17,
223,160,201,177,37,5,171,7,
210,228,234,225,66,209,77,139,
172,133,244,30,131,78,29,167,
216,180,199,126,208,39,95,73,
163,143,14,101,88,230,215,13,
232,32,128,239,241,53,2,134,
47,240,22,27,186,49,224,151,
218,38,190,183,15,229,182,102,
0,175,205,116,174,96,250,91,
221,52,54,144,207,26,111,107,
217,178,71,108,65,251,170,43,
147,140,34,152,94,85,164,3,
105,246,135,202,189,89,181,70,
87,159,10,197,28,117,106,86,
50,59,158,153,185,19,25,1,
76,241,144,50,160,116,16,140,
249,110,29,130,93,15,37,108,
229,235,106,224,165,58,237,172,
65,49,125,191,98,240,12,220,
232,2,218,215,246,103,204,69,
23,196,94,145,142,0,230,149,
205,211,238,34,155,51,56,157,
41,150,102,188,47,176,104,80,
100,210,248,192,239,201,169,255,
107,109,40,42,138,83,252,25,
63,52,30,194,132,186,179,206,
153,66,99,20,54,163,254,31,
113,124,187,68,183,57,122,209,
203,161,88,33,24,245,48,143,
164,177,112,118,86,55,221,27,
85,247,217,4,101,21,154,146,
202,212,162,119,158,189,151,199,
170,82,168,43,28,78,3,67,
250,45,10,173,253,227,231,208,
60,71,111,175,8,131,6,39,
26,13,17,79,89,11,62,128,
22,59,251,200,70,190,75,148,
32,53,193,180,19,72,195,117,
92,96,135,121,74,234,182,225,
44,7,35,244,197,226,213,159,
36,219,222,14,114,233,115,64,
228,152,123,87,207,184,120,95,
84,214,178,198,181,73,134,1,
18,91,223,90,216,167,174,166,
46,139,127,9,38,61,133,185,
81,105,242,137,136,126,141,171,
243,97,147,129,236,5,156,77,
138,9,131,40,185,71,195,28,
36,122,41,197,33,166,66,190,
184,241,77,217,81,62,32,209,
208,15,95,102,253,159,245,191,
16,183,210,194,176,120,249,250,
132,87,187,145,150,88,67,23,
141,178,45,3,180,106,29,116,
44,171,46,50,229,242,227,1,
124,203,30,75,139,17,114,168,
248,230,221,246,8,213,6,149,
83,160,254,147,68,162,63,225,
232,60,177,113,91,186,235,222,
163,152,220,255,107,79,49,97,
153,216,240,48,22,96,47,207,
86,0,92,43,64,69,130,198,
137,59,252,89,223,134,165,224,
57,58,189,103,112,126,70,27,
155,228,212,72,181,201,206,193,
94,104,244,101,234,56,146,18,
204,243,105,7,110,31,158,238,
2,108,21,239,215,117,10,175,
109,99,111,179,161,172,128,98,
148,136,211,144,196,53,84,37,
55,173,143,4,251,74,76,205,
51,135,218,157,167,119,182,200,
236,54,156,142,26,219,52,61,
82,118,38,13,11,73,170,127,
24,35,237,93,80,39,20,214,
123,174,154,231,199,121,85,65,
25,42,133,115,226,202,19,125,
5,164,247,100,169,188,129,78,
233,12,140,151,90,14,34,192,
176,62,252,228,229,164,26,47,
217,9,195,199,36,59,44,194,
154,148,224,211,70,13,43,166,
120,197,21,219,202,165,236,212,
159,12,67,209,215,72,178,191,
125,181,87,188,19,221,206,52,
109,15,40,131,225,124,28,11,
115,234,0,200,214,192,4,196,
246,126,144,132,66,64,46,232,
23,218,163,250,8,118,53,93,
155,130,171,147,122,108,156,14,
86,143,248,92,61,230,133,253,
180,249,63,153,204,106,169,83,
97,74,210,55,127,140,103,134,
157,201,182,58,170,187,121,137,
128,81,45,76,20,24,77,102,
51,207,88,240,190,198,139,174,
3,6,10,17,226,172,80,94,
41,29,98,69,244,71,233,129,
222,142,30,149,152,251,175,49,
173,31,85,25,114,213,141,48,
123,75,33,145,193,5,79,82,
216,239,242,179,241,90,205,22,
243,235,37,186,151,158,91,135,
136,138,110,65,2,104,189,146,
16,162,223,116,39,119,238,255,
57,54,60,56,107,167,227,32,
105,231,161,177,183,7,150,78,
73,68,220,203,254,35,208,50,
95,42,113,112,1,247,100,185,
84,101,27,18,160,237,168,117,
111,34,96,184,89,245,99,38,
107,92,238,10,120,175,109,178,
182,19,41,169,4,3,61,36,
217,224,35,239,255,22,180,72,
47,89,139,151,237,209,253,62,
98,96,76,200,190,73,88,192,
203,221,181,55,32,78,219,123,
9,50,12,173,210,122,214,141,
8,60,193,65,6,31,46,111,
56,135,240,0,138,23,197,248,
165,137,126,13,213,38,155,93,
87,229,24,199,42,68,127,16,
249,112,233,53,51,140,18,179,
242,95,223,228,187,69,99,142,
148,37,143,54,90,161,226,225,
167,83,158,144,79,25,106,102,
159,118,136,26,174,251,44,236,
241,129,45,208,82,191,48,84,
222,207,30,149,201,147,172,234,
86,121,230,189,124,21,216,195,
2,254,130,49,75,114,164,14,
232,231,27,153,105,134,198,194,
152,11,5,215,40,235,116,113,
131,128,74,39,71,211,70,176,
244,20,154,34,227,1,66,17,
85,132,246,58,108,218,103,205,
33,166,110,162,183,247,168,28,
202,157,245,206,250,212,177,160,
101,184,52,77,146,220,43,59,
125,97,145,196,150,57,252,64,
188,204,104,80,186,243,91,156,
133,170,81,29,171,119,115,185,
15,117,100,67,63,7,94,163,
153,21,118,101,140,136,72,163,
81,94,161,219,208,13,130,105,
169,11,180,1,36,88,175,239,
61,157,119,5,22,60,115,207,
246,86,198,178,172,230,135,28,
206,245,114,252,197,220,6,132,
78,122,97,110,91,37,139,50,
106,126,15,241,41,147,23,168,
20,64,9,128,223,154,152,204,
54,226,66,113,205,84,129,0,
138,240,102,225,228,174,127,162,
56,194,244,24,40,248,171,216,
67,242,196,214,92,99,192,185,
111,164,18,255,131,151,188,32,
52,149,195,83,233,76,42,167,
19,213,229,26,95,80,170,186,
12,249,58,45,121,190,89,120,
109,234,150,191,159,212,87,29,
71,117,236,59,85,155,17,2,
33,222,254,247,218,235,14,201,
75,69,148,7,93,250,30,107,
189,100,25,237,160,62,158,217,
133,35,224,176,70,79,181,90,
187,73,38,146,202,124,123,16,
27,57,103,200,182,156,143,199,
177,166,238,51,47,34,39,134,
55,82,179,116,142,3,112,203,
243,53,98,210,145,8,144,232,
96,44,48,63,215,193,108,74,
137,211,251,183,141,68,10,184,
49,227,221,46,253,31,231,173,
4,165,125,43,209,77,65,104,
23,213,190,70,20,154,111,252,
214,130,206,200,228,64,189,19,
24,18,193,246,232,134,184,110,
132,168,165,174,73,255,223,7,
144,91,32,45,195,113,92,127,
196,74,142,37,105,48,167,188,
121,204,187,210,124,117,54,21,
14,147,176,66,75,8,108,149,
194,229,244,58,36,38,253,33,
47,68,61,40,135,43,181,241,
131,192,1,248,88,35,179,10,
84,83,180,254,230,95,86,72,
172,126,227,109,114,4,71,5,
120,78,138,242,137,145,209,55,
123,146,202,59,245,53,31,119,
80,11,159,141,224,240,85,225,
140,161,39,216,250,27,169,79,
249,82,236,156,17,211,251,51,
151,203,215,112,97,247,102,198,
56,77,25,221,65,93,231,122,
212,129,185,237,207,175,50,103,
28,3,153,69,101,81,12,34,
0,100,235,152,199,89,158,41,
239,6,197,115,116,218,157,222,
177,57,125,205,26,148,173,94,
217,183,42,128,104,155,166,238,
13,139,133,243,49,90,29,44,
178,171,107,99,22,234,52,67,
160,226,182,162,143,201,164,118,
96,208,15,191,186,163,150,106,
220,62,98,136,76,63,219,46,
16,60,9,2,87,233,170,30,
165,157,18,127,71,9,121,237,
148,119,230,173,172,28,114,166,
147,108,152,170,164,238,62,202,
178,234,81,245,3,56,43,180,
55,154,109,33,57,189,163,89,
60,190,83,186,96,87,253,84,
201,228,14,90,175,66,82,86,
240,93,65,31,210,187,110,200,
32,233,156,123,63,132,155,102,
34,138,225,64,177,10,92,184,
250,53,2,216,219,91,75,128,
144,12,35,15,122,242,149,236,
105,211,150,232,80,176,142,111,
76,199,129,74,103,48,39,54,
72,51,98,181,17,24,69,23,
220,5,217,95,27,185,229,204,
113,193,146,118,26,22,183,231,
195,227,140,205,59,239,42,88,
252,136,254,151,179,41,143,235,
85,131,167,174,107,36,214,115,
223,244,197,52,198,0,125,208,
97,126,169,68,29,73,45,21,
58,7,19,194,209,135,112,141,
207,159,130,221,243,251,101,203,
106,162,134,79,11,40,182,117,
158,104,78,188,30,222,137,241,
50,249,46,16,246,77,192,8,
94,215,226,160,212,124,13,255,
25,38,191,168,145,247,116,37,
213,248,224,61,171,67,1,47,
139,133,99,206,70,161,100,120,
196,4,218,44,20,49,6,153,
200,99,226,73,174,192,228,64,
66,147,93,96,153,60,91,254,
158,110,255,250,76,248,206,9,
13,251,98,108,113,191,70,40,
225,82,71,165,28,182,90,229,
247,179,104,253,177,12,30,220,
241,10,79,130,80,246,194,156,
49,101,37,87,63,148,141,109,
245,180,137,195,16,240,181,46,
121,0,38,223,155,42,249,34,
208,136,77,51,139,20,107,31,
209,237,45,238,205,144,210,184,
185,198,56,55,142,115,202,58,
48,68,103,204,72,62,39,105,
119,32,112,227,168,29,120,149,
50,160,234,3,124,131,189,6,
126,169,75,116,54,47,19,166,
233,1,85,173,211,5,203,83,
161,214,21,106,134,199,183,36,
215,216,145,143,8,111,24,69,
14,100,95,18,224,25,212,221,
232,23,135,86,152,35,44,138,
252,235,11,231,167,59,132,128,
197,2,81,84,243,157,154,159,
175,218,140,125,190,230,242,219,
172,151,67,97,27,163,150,122,
178,186,94,57,146,65,4,213,
193,102,129,118,162,176,187,15,
53,17,164,133,33,89,43,92,
22,114,123,171,170,61,217,207,
7,196,222,188,78,239,201,127,
244,41,74,26,236,52,88,117,
223,151,25,104,199,207,176,255,
183,156,75,13,179,87,132,85,
138,15,67,82,16,171,172,244,
177,12,247,235,218,74,6,118,
105,101,128,188,123,161,21,102,
248,41,201,1,84,140,190,66,
209,234,23,88,133,50,106,89,
206,43,91,197,198,195,181,46,
76,5,117,213,59,26,7,169,
42,163,45,186,237,212,94,222,
210,107,32,233,227,200,17,95,
226,134,100,208,108,184,166,113,
191,69,150,57,18,110,175,187,
196,121,122,220,79,114,81,162,
230,120,86,251,68,116,180,159,
154,130,27,31,111,144,80,152,
221,109,168,3,224,49,92,232,
215,216,125,146,44,63,131,246,
245,93,48,250,249,65,252,28,
47,203,204,173,153,11,253,217,
141,37,4,112,124,34,228,73,
22,192,70,127,202,143,19,96,
214,61,129,60,145,158,165,53,
14,58,254,83,97,160,136,174,
20,182,239,40,231,10,8,33,
242,135,90,78,99,24,0,9,
126,62,148,170,139,52,2,241,
225,142,77,71,211,115,147,205,
30,229,157,35,238,189,193,194,
119,149,137,219,167,38,56,39,
98,243,240,155,64,54,29,236,
178,185,36,51,55,72,164,103,
108,235,128,252,109,7,15,46,
55,241,170,233,101,127,130,132,
111,161,103,151,91,244,52,164,
147,225,209,182,219,175,47,26,
168,80,114,216,23,239,222,82,
206,215,14,78,86,95,156,62,
75,48,135,56,131,122,133,72,
205,11,50,4,31,1,119,100,
99,160,74,217,146,190,96,159,
104,25,189,167,19,67,155,154,
65,193,121,118,196,152,248,149,
8,237,183,203,145,162,211,59,
115,71,192,228,81,117,107,250,
54,165,223,10,113,236,251,77,
247,84,150,163,44,87,17,29,
185,24,129,240,68,102,204,106,
199,79,30,157,179,148,184,9,
220,221,116,140,43,213,34,254,
60,171,202,187,232,242,207,198,
246,176,70,141,38,142,21,177,
85,110,158,49,41,53,138,5,
136,36,172,16,169,98,18,229,
200,234,178,105,13,6,238,210,
69,139,76,230,245,112,191,27,
174,201,224,97,64,253,173,125,
144,58,94,212,120,0,181,126,
20,57,2,45,249,3,40,243,
134,22,143,188,42,194,166,195,
231,35,51,73,92,63,123,218,
37,83,214,12,32,186,66,227,
226,208,33,39,180,88,89,124,
90,197,93,255,61,153,137,28,
145,255,125,154,28,239,23,144,
40,30,11,43,150,92,101,88,
251,250,69,51,147,118,156,56,
52,103,195,204,109,1,175,192,
41,141,130,194,171,82,172,188,
66,177,222,33,189,218,32,236,
220,238,213,20,229,186,155,93,
2,127,252,122,182,24,117,221,
57,10,124,187,168,132,197,96,
37,231,211,208,21,45,209,91,
245,179,0,123,253,166,104,129,
203,50,46,81,116,153,62,235,
223,151,58,12,136,198,97,113,
83,44,193,181,119,180,5,100,
184,137,112,87,6,167,105,18,
34,219,244,196,61,16,157,99,
108,135,165,170,48,107,161,228,
148,176,254,164,26,126,163,42,
216,233,73,240,102,14,217,149,
201,59,183,67,74,138,68,39,
7,3,25,142,190,146,131,76,
70,22,4,15,174,49,206,139,
35,85,86,210,84,169,230,232,
152,234,191,224,94,225,120,55,
63,89,53,207,9,64,226,80,
111,247,95,159,31,128,185,140,
60,227,110,8,133,72,158,143,
162,246,17,38,71,160,36,205,
79,65,248,173,54,90,237,202,
212,13,106,134,114,77,242,249,
29,75,27,19,98,199,121,47,
178,243,115,241,78,214,215,200,
58,135,211,206,167,157,128,95,
218,189,164,73,119,158,126,63,
170,9,17,48,91,85,254,41,
53,230,237,134,42,77,149,131,
79,153,159,200,194,105,150,176,
12,235,40,205,215,35,147,249,
45,109,28,245,244,133,107,88,
33,129,108,169,190,231,228,208,
92,22,52,6,116,34,57,179,
252,100,210,233,143,2,182,113,
229,120,47,62,255,203,97,78,
248,238,173,204,216,125,101,117,
240,155,198,191,46,253,132,177,
111,27,250,236,82,151,121,183,
18,25,172,162,227,68,187,140,
80,142,66,247,61,195,65,14,
175,161,232,196,163,241,184,56,
220,234,160,243,246,217,239,30,
64,139,7,49,146,225,251,21,
166,171,219,11,145,185,72,124,
98,71,76,201,94,1,20,5,
23,137,19,89,144,242,38,59,
13,165,213,122,174,199,197,99,
24,141,90,29,8,86,15,156,
67,0,224,4,148,114,123,127,
54,60,104,110,221,96,223,180,
3,112,37,181,106,44,193,102,
152,118,26,87,50,222,51,39,
10,75,16,168,178,93,186,207,
103,81,115,154,84,55,83,36,
226,136,43,69,130,32,209,74,
202,138,192,31,70,214,188,212,
159,174,178,212,14,116,103,142,
145,138,187,119,81,242,146,186,
249,214,151,182,134,94,102,46,
44,32,82,215,69,135,165,12,
143,193,208,141,247,124,8,209,
21,1,241,53,90,253,86,35,
75,31,218,245,228,83,96,222,
15,10,201,225,191,239,129,37,
197,60,59,181,169,89,101,213,
248,18,207,152,52,234,189,20,
67,220,54,243,71,126,79,56,
6,72,244,205,76,161,175,136,
130,55,132,120,200,29,51,63,
176,206,58,9,190,38,156,154,
137,57,150,11,121,148,117,203,
162,230,115,114,92,166,173,111,
155,252,47,237,125,184,219,25,
73,33,28,43,22,192,157,149,
42,255,0,112,113,39,127,109,
80,93,45,105,50,17,64,123,
85,23,48,5,62,168,122,199,
24,131,118,195,210,70,179,194,
198,229,65,66,250,171,231,202,
254,2,99,238,183,153,87,224,
77,139,227,196,108,49,235,13,
177,84,41,16,164,221,246,110,
167,36,98,232,88,236,3,180,
128,133,163,97,140,19,172,188,
74,204,91,107,40,185,211,216,
27,78,233,95,4,104,226,100,
106,223,158,240,61,217,30,68,
144,7,170,147,34,26,251,160,
51,253,174,207,43,108,190,98,
68,164,167,93,110,230,97,233,
200,137,4,83,11,67,192,74,
131,132,249,127,197,94,21,156,
90,70,215,218,8,113,53,246,
184,106,9,142,199,40,178,22,
6,26,81,7,198,105,37,79,
220,213,160,77,247,182,35,171,
121,75,179,89,65,195,104,205,
143,34,33,50,248,229,212,52,
48,86,185,136,216,101,15,119,
172,5,80,150,20,219,116,96,
100,24,47,92,18,103,17,125,
36,128,28,209,117,84,135,186,
31,153,32,55,0,211,232,227,
188,46,78,146,159,222,122,140,
95,112,124,99,157,176,147,181,
196,175,88,14,120,183,45,102,
69,243,214,107,217,238,111,194,
254,2,252,149,201,152,144,236,
239,54,13,29,134,251,39,228,
166,76,242,62,126,60,158,250,
226,61,123,208,240,3,71,63,
30,177,234,129,169,23,118,225,
191,206,235,163,245,165,237,138,
204,145,162,85,19,139,114,73,
49,58,187,66,244,168,148,12,
25,38,255,64,203,170,10,173,
210,133,57,161,87,72,151,154,
109,141,189,223,180,115,130,59,
193,155,41,42,1,221,224,44,
241,16,27,56,202,231,91,82,
163,238,125,18,215,145,117,88,
4,162,142,207,237,173,252,6,
241,79,213,201,46,230,77,80,
56,243,91,226,75,92,33,143,
62,112,44,218,166,12,99,248,
134,184,167,49,2,221,71,74,
124,3,225,175,110,58,186,11,
164,210,127,73,165,114,101,181,
82,204,178,83,240,84,131,27,
128,29,65,54,41,161,197,255,
228,222,90,111,35,94,171,42,
229,220,156,139,21,194,146,202,
22,16,76,169,176,47,182,95,
70,86,208,192,132,155,214,57,
100,144,154,130,69,102,106,30,
1,17,244,53,67,121,188,133,
249,151,180,14,236,129,216,212,
149,108,98,59,23,172,253,239,
227,115,137,96,193,81,126,219,
217,138,40,120,170,0,37,140,
235,26,109,122,232,116,251,97,
7,66,51,93,189,34,63,36,
118,48,50,89,105,168,10,150,
211,195,72,31,87,233,185,39,
152,68,107,199,177,247,245,104,
141,103,64,43,187,20,159,148,
5,160,242,61,179,191,174,224,
234,13,8,25,190,32,85,19,
28,196,45,183,223,123,254,78,
206,200,38,113,52,203,119,15,
231,246,158,135,136,9,250,198,
209,60,157,24,205,147,153,55,
135,197,139,28,154,229,141,59,
147,123,9,69,221,103,204,232,
205,30,216,245,208,43,63,83,
23,193,219,97,250,24,159,207,
189,239,241,142,184,78,12,134,
177,218,200,109,118,124,202,169,
68,60,254,136,6,49,42,213,
188,48,178,35,163,224,211,62,
195,36,38,88,107,46,175,29,
161,157,67,119,130,187,80,114,
31,126,18,120,66,228,33,172,
251,156,82,17,234,209,55,225,
180,164,144,186,121,89,243,85,
50,20,167,111,90,212,41,222,
174,170,148,44,100,242,53,246,
168,32,171,152,39,2,150,122,
249,79,140,54,230,15,125,108,
173,149,16,101,117,247,115,166,
151,91,104,57,14,179,110,51,
25,65,244,217,86,192,137,162,
58,181,102,22,93,92,21,77,
47,19,165,11,210,112,238,194,
45,5,185,191,235,10,52,26,
223,252,190,105,199,0,231,8,
56,75,255,215,129,27,7,214,
13,94,106,71,198,37,81,61,
74,158,138,4,99,253,236,145,
3,87,98,40,131,226,220,176,
73,146,34,182,133,196,128,206,
84,143,113,72,203,70,127,240,
227,132,95,116,248,153,76,201,
155,160,1,64,183,237,233,96,
240,9,21,132,182,222,47,92,
25,220,225,53,115,70,202,213,
159,157,57,167,209,242,15,166,
84,105,147,208,56,185,227,144,
31,126,189,136,12,4,155,237,
215,252,61,174,29,24,58,62,
34,201,135,194,13,95,248,180,
200,54,247,41,44,110,181,32,
103,10,94,116,212,102,128,39,
107,199,7,77,88,190,129,156,
146,254,75,154,137,49,22,51,
210,153,100,178,211,101,69,184,
71,165,11,42,89,106,120,187,
143,255,130,207,214,91,206,236,
193,66,83,230,141,79,18,63,
170,235,37,221,249,104,64,251,
191,50,192,46,87,90,23,19,
179,158,38,78,188,85,232,125,
243,93,250,205,217,140,118,203,
81,173,253,131,231,177,80,160,
163,1,148,216,5,98,121,162,
112,233,114,171,68,218,239,60,
108,27,223,36,43,6,168,65,
3,48,246,244,226,238,17,145,
97,124,138,40,150,133,219,204,
33,59,134,172,245,139,35,96,
113,0,2,241,8,175,186,117,
30,196,197,45,28,119,198,161,
82,228,111,142,229,149,224,195,
151,164,55,74,176,26,183,14,
152,67,76,52,73,86,109,234,
169,122,72,123,99,16,127,20,
244,41,216,46,131,199,254,181,
96,191,95,103,9,151,169,138,
82,51,63,6,229,242,127,61,
15,112,88,94,220,107,233,102,
162,4,98,241,146,130,27,182,
237,201,137,224,73,34,86,217,
54,115,106,255,178,119,81,108,
155,32,236,26,202,142,124,92,
190,168,134,172,114,52,11,72,
31,167,180,0,39,90,140,125,
37,218,240,47,76,104,231,160,
78,206,70,59,247,75,29,197,
174,87,62,185,7,196,132,53,
68,171,71,213,1,77,200,157,
111,165,136,44,8,123,83,150,
60,22,93,189,42,13,116,118,
2,69,89,214,21,50,45,57,
223,35,97,58,65,128,184,120,
105,19,166,163,33,230,74,25,
43,170,109,228,239,235,209,192,
208,183,145,156,66,14,221,24,
17,243,193,227,144,161,152,110,
143,148,173,139,16,121,5,91,
67,234,48,154,212,133,188,252,
117,186,177,20,79,225,246,141,
101,10,187,38,207,179,164,205,
211,198,203,36,85,253,219,126,
176,175,245,49,194,251,149,249,
18,28,215,195,159,238,3,113,
232,129,226,55,135,40,12,80,
64,23,147,204,222,56,99,153,
100,84,158,248,30,122,210,250,
173,10,9,103,39,83,15,41,
79,76,97,43,120,21,149,139,
141,225,112,150,219,211,143,160,
82,189,196,104,248,47,205,216,
144,231,67,102,200,208,59,133,
164,140,111,207,137,125,222,68,
19,249,85,185,58,24,78,92,
119,253,124,235,4,161,152,179,
252,234,180,227,218,201,221,95,
3,168,13,212,134,28,146,202,
159,122,60,62,98,131,53,138,
130,73,23,157,194,117,210,217,
50,57,65,38,18,88,84,56,
116,11,171,32,255,123,36,63,
228,127,184,162,213,195,0,237,
193,148,158,106,209,14,44,46,
70,94,247,151,33,71,186,29,
242,45,109,99,254,74,232,224,
190,49,198,153,31,86,118,178,
75,101,238,145,27,135,107,8,
25,177,114,176,187,191,61,42,
54,30,170,72,77,245,214,20,
90,12,5,147,2,16,55,113,
182,155,244,142,108,236,230,48,
132,87,166,66,169,126,121,229,
89,6,220,128,34,17,96,241,
243,52,181,115,80,35,81,226,
183,22,91,154,129,240,250,251,
199,188,163,233,203,246,100,175,
37,197,204,1,26,105,206,40,
215,156,136,172,64,174,165,167,
51,110,239,69,192,223,93,7,
16,170,56,115,26,36,80,217,
145,152,41,35,95,144,159,12,
24,156,200,46,87,165,149,201,
69,103,11,15,31,191,169,195,
183,228,52,173,47,210,222,45,
209,158,187,218,251,73,102,214,
112,119,66,76,50,180,205,226,
172,100,248,146,34,229,120,140,
88,177,235,181,130,75,117,122,
99,93,147,199,136,244,8,193,
6,225,13,141,101,150,162,28,
19,10,153,25,72,40,142,92,
223,90,224,151,74,123,63,157,
49,184,131,208,27,216,220,203,
86,255,111,234,106,94,246,167,
1,126,213,221,135,166,32,182,
105,174,207,240,198,231,30,57,
233,104,249,232,179,127,202,65,
116,114,245,247,97,190,98,138,
176,241,51,91,175,70,59,5,
3,84,160,239,14,107,121,185,
253,53,194,197,238,252,211,38,
20,189,48,109,54,118,83,139,
43,42,9,29,4,137,196,78,
192,110,154,113,212,108,2,168,
178,236,161,215,204,237,163,82,
155,96,71,21,79,0,171,230,
77,143,68,227,55,250,85,242,
206,7,22,61,186,62,64,33,
39,124,254,133,60,188,81,37,
125,44,18,23,17,89,129,132,
243,67,128,134,58,164,219,148,
116,158,166,170,43,111,142,98,
12,228,109,248,107,137,179,243,
11,110,250,171,44,145,61,223,
161,232,255,102,173,217,251,91,
233,175,187,75,219,242,120,101,
221,183,253,52,104,150,128,194,
165,31,147,191,240,54,33,188,
1,216,213,57,176,117,100,131,
64,83,67,58,149,22,5,105,
7,113,18,154,62,127,73,241,
205,25,202,239,192,124,238,225,
20,2,71,36,148,114,97,89,
3,197,45,146,159,59,96,226,
144,49,118,84,95,140,80,208,
180,195,169,234,141,29,199,190,
82,85,88,26,21,229,212,56,
60,81,196,76,125,126,19,186,
77,143,47,139,162,63,185,178,
189,103,168,32,28,164,130,0,
201,86,252,246,38,157,182,193,
39,153,133,93,34,249,210,218,
206,215,51,156,209,40,69,123,
247,94,72,236,174,50,177,66,
214,14,245,4,132,46,53,15,
48,23,200,198,181,155,112,121,
211,13,204,17,10,24,27,35,
8,152,134,92,129,106,163,207,
235,220,244,231,230,138,74,151,
203,16,90,160,167,9,42,119,
222,37,30,68,41,55,136,99,
184,224,115,108,122,65,78,237,
254,135,172,227,6,70,79,87,
93,206,223,35,157,229,127,172,
234,145,106,42,53,250,231,222,
248,199,71,109,170,134,140,27,
126,125,85,40,179,128,186,183,
217,175,30,45,219,105,148,57,
251,210,41,123,241,253,149,143,
69,31,6,152,238,110,184,79,
146,4,46,61,226,156,239,153,
75,99,15,117,141,56,59,62,
144,252,102,136,3,171,209,255,
142,49,177,52,86,39,54,9,
36,33,32,77,20,230,151,43,
191,104,7,26,1,160,116,92,
84,101,133,37,24,220,205,187,
233,237,201,5,72,240,70,137,
190,194,90,135,23,0,8,192,
197,108,95,211,207,215,196,193,
159,89,208,130,64,202,51,246,
214,29,188,17,221,227,164,213,
48,139,198,67,34,243,180,124,
228,218,162,87,161,113,11,60,
200,131,81,122,158,103,66,165,
10,22,167,88,19,132,173,12,
16,244,119,63,91,112,225,18,
111,247,203,28,232,174,118,68,
185,83,154,155,166,114,44,212,
97,178,73,242,25,115,216,147,
107,58,13,98,163,14,96,236,
189,82,80,94,168,204,181,50,
65,150,129,2,100,38,138,224,
76,235,182,195,169,249,74,121,
176,245,78,47,120,55,254,21,
106,112,231,247,190,55,87,103,
117,174,15,249,146,223,9,144,
17,16,171,240,96,80,70,21,
149,67,245,74,57,4,29,83,
154,202,252,31,107,253,196,238,
54,7,84,35,164,203,193,168,
110,32,30,230,232,173,229,86,
192,226,41,142,241,140,178,81,
68,209,34,46,18,78,138,44,
236,242,28,182,224,5,92,124,
167,227,208,97,45,216,199,255,
69,89,157,183,48,43,158,134,
14,127,197,137,3,40,153,114,
113,133,22,53,235,186,188,143,
99,248,60,13,101,47,59,1,
141,219,126,42,206,91,180,104,
181,6,51,82,176,204,102,163,
95,61,20,36,64,8,122,151,
207,218,198,2,75,88,217,125,
79,98,38,120,152,131,63,105,
220,116,37,155,165,161,136,189,
90,52,19,160,26,172,94,156,
145,205,201,246,111,73,187,148,
191,25,175,170,135,128,194,71,
222,130,211,237,225,39,100,177,
24,185,166,215,233,10,139,210,
228,11,159,179,115,27,66,212,
62,214,162,72,0,49,23,254,
200,150,76,234,251,147,108,243,
123,65,85,132,56,195,239,50,
169,93,58,244,213,221,12,77,
129,118,33,184,250,121,109,119,
102,209,73,97,114,69,133,165,
127,26,126,252,173,59,95,184,
100,222,178,145,65,35,250,134,
107,161,54,103,156,71,243,149,
12,139,58,98,116,181,235,37,
248,92,244,51,236,32,230,13,
8,16,247,70,61,177,204,203,
191,111,141,249,216,157,3,219,
40,245,18,128,137,182,28,167,
183,25,135,0,85,79,166,231,
232,242,131,93,208,94,198,253,
4,48,226,19,91,34,146,27,
33,10,101,86,87,188,31,1,
240,200,82,76,186,45,121,211,
136,24,67,254,104,207,172,20,
64,90,38,6,106,80,75,14,
120,81,49,11,223,229,233,205,
15,195,206,213,77,72,119,189,
199,36,176,117,150,96,148,164,
143,214,53,217,158,228,234,144,
42,140,185,43,192,238,132,62,
44,241,227,175,39,155,57,108,
193,162,210,153,237,218,202,55,
84,180,154,190,47,124,22,123,
221,83,110,68,99,196,5,29,
246,169,151,66,239,88,171,7,
225,152,220,112,17,201,30,215,
179,197,224,170,122,168,115,159,
174,142,78,130,212,113,160,9,
60,255,138,46,2,129,163,63,
118,187,125,109,56,23,21,89,
251,41,147,52,194,50,74,105,
94,122,71,249,74,77,4,41,
108,35,239,29,215,178,45,133,
193,235,24,2,97,172,56,152,
25,26,192,174,113,170,107,167,
153,38,137,201,49,5,69,212,
243,86,176,160,115,78,142,204,
149,87,102,14,156,128,141,36,
205,90,101,241,233,127,34,7,
155,72,161,206,255,224,68,210,
89,179,51,225,169,104,110,1,
175,79,54,171,208,222,28,98,
177,190,58,211,134,39,19,168,
18,228,50,83,6,121,148,166,
43,207,188,109,185,92,143,66,
194,73,3,247,154,150,131,151,
186,173,227,250,157,181,240,182,
216,196,184,252,198,132,159,61,
220,46,96,70,218,82,105,55,
234,145,230,165,138,246,187,8,
47,93,33,183,136,40,91,103,
144,11,129,17,12,85,213,232,
191,31,27,139,245,189,59,53,
130,62,217,223,202,84,116,20,
158,57,22,118,15,254,42,253,
99,162,10,63,242,197,9,214,
119,80,140,88,221,146,117,65,
124,226,135,95,16,244,75,200,
60,23,67,126,231,52,164,112,
111,81,114,21,248,64,199,237,
13,120,76,44,0,203,147,251,
30,106,37,163,100,32,229,125,
123,236,48,219,209,238,180,195,
200,140,109,153,195,91,231,116,
49,243,146,2,6,158,206,86,
102,176,23,250,183,9,190,148,
61,134,172,234,77,178,83,201,
97,7,3,171,87,84,208,223,
193,55,209,159,185,152,179,118,
124,230,254,143,30,196,51,232,
81,188,79,233,197,45,32,130,
204,236,207,15,58,145,125,103,
214,167,219,76,85,182,53,31,
65,170,40,18,191,203,129,5,
115,120,94,56,113,101,104,139,
126,226,151,70,131,220,74,244,
122,52,114,62,147,235,28,247,
105,181,138,252,66,123,198,4,
27,238,25,75,141,210,0,199,
184,111,221,154,10,137,14,150,
63,119,249,161,174,98,93,168,
82,21,24,42,162,144,127,205,
186,246,156,173,222,237,33,166,
110,202,112,64,128,92,177,44,
239,142,165,41,50,54,20,35,
59,194,228,224,117,57,80,71,
225,169,8,121,26,253,89,163,
17,96,1,248,187,149,108,13,
213,241,132,99,255,78,215,36,
88,90,16,229,242,60,245,34,
133,67,180,95,69,72,160,212,
43,175,68,251,135,217,11,37,
192,157,100,38,73,39,46,48,
106,47,189,107,211,22,19,155,
227,136,12,218,29,164,216,240,
19,150,67,221,176,27,226,183,
96,148,151,194,103,20,44,139,
165,54,131,164,158,184,112,227,
213,217,247,130,169,238,29,118,
88,135,200,9,109,21,34,89,
234,205,86,76,223,93,236,121,
108,30,136,105,111,17,2,237,
188,144,249,53,91,167,28,50,
24,92,68,255,232,220,77,47,
4,101,7,138,100,199,198,55,
173,207,69,216,137,8,248,10,
132,116,3,254,71,84,14,81,
94,120,122,189,219,154,245,124,
12,113,1,187,41,129,45,110,
152,142,141,235,82,233,179,209,
203,125,133,174,85,178,64,35,
56,162,215,149,229,192,117,61,
181,140,155,25,128,11,37,166,
13,168,190,22,18,225,32,161,
185,36,52,193,6,99,228,57,
65,5,156,196,78,240,123,80,
26,171,211,79,127,195,95,182,
58,51,74,206,157,218,60,104,
241,180,212,73,98,40,224,214,
33,59,16,231,177,115,0,114,
253,153,146,38,222,42,208,43,
143,62,31,49,15,243,90,250,
170,70,23,48,147,159,66,186,
87,119,83,252,134,246,97,175,
160,210,145,63,239,202,242,197,
72,102,230,244,75,106,172,251,
191,46,126,163,107,204,39,201,
154,112,65,172,103,209,199,20,
202,44,116,72,52,66,96,236,
69,107,38,178,134,136,152,106,
37,34,248,119,250,183,104,23,
101,58,175,226,206,244,207,141,
6,55,194,163,238,90,89,155,
166,21,125,94,120,57,24,148,
143,255,122,145,132,12,230,108,
222,45,177,114,208,160,170,196,
189,25,9,42,135,213,40,56,
83,49,27,2,168,46,3,133,
164,231,121,115,18,59,77,48,
131,252,91,221,156,1,41,191,
204,79,144,161,218,217,29,109,
184,127,139,19,180,62,63,14,
93,151,82,246,223,242,190,78,
137,7,205,150,142,146,74,110,
241,61,225,70,171,99,98,47,
128,235,197,86,64,176,118,227,
54,36,254,129,251,228,169,8,
182,123,30,233,211,68,203,111,
80,159,117,181,220,84,153,17,
158,192,22,73,102,92,186,130,
138,157,167,32,26,195,234,201,
147,193,179,165,15,247,249,219,
126,253,149,76,87,100,162,43,
33,214,173,35,0,4,185,188,
67,187,105,243,210,97,113,95,
50,240,31,81,239,212,53,229,
85,174,75,200,237,39,16,28,
60,11,51,232,10,71,5,88,
215,198,140,245,216,224,124,13,
169,241,247,200,123,119,148,231,
170,55,98,158,160,21,111,30,
83,228,104,122,254,73,8,153,
146,250,57,127,194,29,204,193,
245,61,188,173,187,1,65,52,
152,205,178,97,88,176,143,49,
93,46,212,109,4,48,112,131,
105,252,222,59,18,195,165,26,
242,56,125,137,220,24,174,139,
203,92,115,45,192,0,27,210,
226,229,38,51,96,133,37,214,
215,255,190,17,118,64,114,77,
184,217,34,138,251,171,134,189,
149,249,167,69,14,191,166,9,
198,78,197,144,121,43,202,106,
80,142,54,42,86,99,58,147,
7,186,75,94,10,130,223,172,
128,113,100,185,117,36,66,47,
19,108,91,6,35,12,209,141,
129,90,150,23,164,175,240,74,
72,181,85,248,116,31,135,84,
239,25,221,71,120,102,238,213,
246,196,179,39,159,154,5,161,
62,156,219,199,162,244,60,82,
225,163,218,136,168,40,140,15,
236,237,76,157,126,201,89,155,
2,32,183,79,232,177,227,70,
81,22,13,132,20,41,107,235,
216,206,53,243,230,68,103,95,
233,67,182,145,3,28,208,33,
50,180,11,253,207,16,124,101,
44,63,211,110,151,234,224,87,
218,227,143,248,89,185,177,136,
182,252,44,79,50,13,183,36,
224,154,114,104,150,155,65,198,
164,237,45,32,8,221,135,233,
93,129,74,63,137,11,26,238,
19,191,195,81,131,40,250,217,
109,118,213,232,173,219,57,246,
43,69,22,193,161,199,188,255,
124,99,133,222,59,132,84,240,
82,239,37,158,120,90,186,54,
78,242,102,122,178,42,138,75,
204,147,207,235,115,168,96,210,
28,172,151,25,14,113,169,7,
30,156,215,243,194,53,101,134,
24,176,88,142,230,107,201,111,
214,51,226,29,212,80,125,202,
9,70,95,174,4,46,179,105,
126,162,249,5,33,23,94,187,
86,128,1,52,103,119,31,216,
203,236,49,170,166,12,196,180,
68,16,208,144,245,139,34,3,
127,206,171,197,85,48,121,2,
149,17,108,157,181,97,60,41,
92,27,83,160,189,20,145,76,
98,87,116,18,71,175,35,110,
56,38,192,55,100,228,39,61,
6,254,64,223,229,251,205,91,
163,200,225,184,244,112,15,77,
47,159,21,153,241,152,167,141,
62,66,211,253,67,148,0,247,
140,165,220,234,58,10,73,106,
123,130,146,190,117,72,209,231,
27,91,230,114,250,115,35,47,
123,182,233,199,85,34,92,252,
6,125,137,39,147,242,163,53,
210,11,165,132,141,80,55,75,
221,208,62,4,119,198,98,158,
159,249,109,88,78,37,10,0,
90,153,185,218,66,220,245,205,
196,82,219,148,36,44,2,160,
144,106,135,209,23,71,1,138,
127,93,21,96,63,134,154,107,
51,108,102,235,79,192,241,232,
30,187,126,184,74,104,246,253,
29,174,110,243,25,15,171,191,
120,168,255,161,22,229,143,65,
146,214,72,64,124,97,12,60,
227,101,133,58,31,226,197,70,
73,167,131,17,183,56,26,213,
86,33,173,49,217,177,176,128,
9,254,57,103,84,203,41,188,
152,238,116,32,8,194,224,179,
175,50,77,18,61,172,240,28,
130,225,118,89,145,201,164,180,
68,13,222,111,24,69,112,54,
237,200,43,202,189,100,195,5,
239,20,16,211,48,151,19,231,
244,99,129,149,247,212,169,3,
81,206,170,142,207,234,216,162,
83,178,122,46,186,52,190,181,
7,157,113,136,228,166,150,215,
140,59,223,156,94,105,45,95,
236,121,87,155,38,204,67,139,
251,193,14,248,42,76,117,40,
195,251,249,13,69,44,202,231,
106,192,241,6,78,19,96,181,
36,163,4,128,233,145,136,160,
29,76,97,111,246,108,150,31,
51,187,43,164,35,71,138,118,
77,119,226,170,86,59,144,68,
217,30,81,243,237,79,180,93,
221,139,50,189,153,198,107,131,
172,159,157,140,158,229,224,130,
176,141,57,7,99,205,204,171,
20,122,186,2,244,133,88,162,
73,42,38,193,203,9,191,82,
148,219,27,174,154,194,252,48,
28,227,209,90,15,200,242,5,
72,156,91,207,10,109,188,240,
114,45,58,137,216,75,228,223,
149,22,74,161,254,255,105,183,
175,134,211,115,169,121,40,70,
212,220,117,0,190,182,33,32,
185,55,127,64,80,125,94,184,
53,46,135,245,143,178,12,112,
199,67,196,152,23,239,41,234,
247,222,147,210,95,101,126,230,
66,167,104,146,166,11,84,16,
63,17,142,248,8,232,201,65,
168,26,225,52,253,197,100,60,
85,250,34,54,87,177,37,56,
123,179,208,98,110,129,206,113,
102,47,151,120,92,61,214,165,
132,218,236,83,89,1,173,49,
116,3,155,24,124,62,103,39,
18,25,215,14,213,21,235,238,
175,172,46,200,162,183,90,130,
222,241,77,232,206,52,65,178,
251,179,196,118,255,238,242,248,
199,152,110,202,95,245,185,224,
140,53,80,5,19,103,214,116,
220,21,123,97,17,70,244,210,
142,249,218,127,26,4,85,160,
126,235,37,226,8,247,59,20,
30,159,96,133,18,45,104,194,
83,112,243,109,25,128,148,129,
155,205,107,67,138,168,16,187,
102,87,153,190,216,73,48,193,
180,10,0,58,86,234,211,181,
43,49,215,22,188,120,24,174,
223,108,198,122,192,164,231,236,
32,40,170,233,207,39,81,93,
229,147,237,64,74,204,75,41,
125,101,106,42,182,84,82,113,
176,91,189,54,239,171,23,131,
111,55,38,219,177,100,217,12,
34,209,136,135,36,221,169,61,
57,1,230,167,143,254,114,51,
99,105,184,253,225,68,158,195,
35,9,197,186,146,44,154,163,
151,150,29,31,28,13,124,201,
141,156,173,76,240,149,139,98,
246,89,145,250,15,161,3,79,
78,115,117,137,66,72,165,227,
166,14,56,134,7,27,119,6,
203,208,69,2,157,71,132,88,
33,121,213,92,228,144,60,50,
63,94,191,62,252,11,47,212,
237,229,248,81,146,53,89,3,
54,84,25,118,163,180,234,93,
104,31,233,101,215,154,14,70,
245,207,16,35,147,128,151,145,
222,19,20,138,236,205,187,130,
212,227,197,106,122,111,46,1,
88,188,196,127,86,21,74,11,
37,85,7,98,5,136,211,208,
119,120,38,92,200,29,110,129,
60,64,55,155,219,202,82,203,
18,149,56,59,49,230,250,162,
185,201,137,48,221,34,241,235,
83,216,113,142,17,242,231,22,
6,26,193,76,166,220,252,15,
167,117,67,172,63,244,170,103,
206,126,107,99,42,23,108,228,
66,144,90,40,65,157,80,69,
173,184,62,33,164,131,181,121,
161,32,28,73,141,165,24,72,
132,123,246,191,153,143,194,152,
189,223,124,9,213,71,112,114,
100,174,109,134,232,178,10,204,
249,96,95,51,159,253,186,105,
192,214,190,150,140,30,125,247,
243,225,182,238,160,45,255,57,
4,52,50,102,169,176,183,251,
47,13,12,198,175,41,0,135,
27,77,78,210,158,177,217,43,
39,94,44,79,116,218,224,139,
91,239,97,209,171,148,58,36,
133,61,254,195,8,156,68,75,
199,240,2,115,87,168,226,179,
246,33,228,63,86,255,7,6,
149,205,253,12,15,230,24,141,
119,79,227,146,82,51,225,4,
26,148,80,145,68,117,42,105,
40,98,252,214,108,201,118,224,
129,3,29,84,202,186,94,67,
53,78,198,219,75,52,254,109,
76,236,244,65,132,142,46,207,
102,208,22,123,247,14,34,183,
206,226,192,23,222,87,41,167,
74,170,45,17,178,90,231,31,
147,143,89,229,194,110,95,36,
92,166,122,203,179,171,220,150,
151,245,157,190,200,250,21,160,
248,57,62,0,187,11,125,155,
233,61,164,37,158,58,49,35,
126,210,216,140,218,173,73,168,
156,241,131,77,234,64,130,114,
217,83,185,56,43,221,153,60,
27,240,134,85,174,5,175,93,
38,188,97,169,139,91,128,99,
101,181,48,50,195,177,104,72,
44,196,197,106,39,66,1,212,
133,30,13,154,32,120,20,209,
81,242,100,96,144,165,59,8,
161,191,172,199,193,184,107,103,
237,88,137,189,243,28,135,239,
127,211,124,54,251,213,25,159,
162,238,249,232,163,176,152,121,
180,69,235,70,71,115,18,16,
47,113,55,182,138,10,112,19,
111,9,136,223,2,215,204,116,
177,204,149,114,194,250,212,151,
15,143,226,4,20,73,62,22,
46,78,249,145,94,159,113,200,
160,140,11,35,82,163,86,5,
233,6,133,55,189,203,213,142,
207,206,93,150,188,1,30,3,
222,124,131,98,112,59,47,244,
126,152,183,67,48,33,54,195,
25,28,32,53,63,76,210,127,
44,117,70,184,196,108,83,248,
74,89,85,180,186,115,157,243,
239,8,146,253,182,42,175,227,
75,16,27,58,56,236,171,128,
12,164,91,45,219,197,123,39,
173,232,23,95,137,102,41,181,
118,101,158,246,92,178,135,176,
130,255,50,26,211,57,198,139,
252,77,43,201,34,235,202,132,
220,165,0,90,153,141,110,218,
97,68,170,240,80,61,231,122,
18,223,21,208,247,37,100,81,
245,199,66,71,38,230,144,14,
168,109,221,215,19,228,138,214,
64,24,134,10,185,69,162,116,
169,167,136,84,174,2,96,154,
36,88,106,229,251,129,120,7,
156,147,216,161,217,103,121,87,
17,155,99,193,166,205,237,107,
148,60,52,29,187,40,125,192,
241,225,224,51,31,191,238,9,
190,79,104,65,242,105,72,119,
234,254,179,13,49,111,172,209,
143,210,126,250,106,139,231,160,
110,63,58,71,213,205,101,181,
19,168,47,6,16,218,145,221,
10,176,184,120,50,59,13,169,
73,241,245,21,49,94,227,9,
83,200,141,105,41,74,233,149,
223,23,14,66,68,203,155,125,
134,1,206,254,38,142,117,147,
232,98,8,214,27,243,54,211,
177,45,225,235,34,194,208,84,
138,15,215,219,115,11,201,3,
248,70,88,220,112,56,43,237,
114,53,127,216,173,104,247,36,
99,182,230,152,28,151,140,32,
92,199,244,164,255,189,46,251,
144,77,119,107,154,129,102,82,
150,190,148,72,253,96,116,61,
44,122,51,183,97,7,217,249,
123,42,204,185,207,153,55,79,
93,198,40,238,180,224,167,31,
191,118,12,22,133,188,80,196,
186,193,132,30,5,29,109,65,
52,121,156,18,33,137,81,187,
239,252,89,20,0,172,228,75,
131,202,124,62,209,246,242,4,
162,85,24,39,64,222,108,78,
48,69,161,240,67,170,158,60,
17,135,157,146,86,212,197,165,
90,26,25,103,163,37,159,178,
2,236,229,76,128,234,91,175,
195,100,192,166,171,226,174,57,
95,111,179,87,113,136,35,130,
2,68,218,120,124,46,248,30,
170,17,116,207,130,66,224,245,
67,147,8,145,228,20,95,75,
81,110,43,60,236,235,119,179,
1,89,114,241,197,222,104,5,
253,246,125,91,74,113,239,117,
186,171,13,65,175,69,184,107,
254,118,4,12,158,11,96,244,
195,232,85,40,38,249,189,227,
115,164,178,168,176,102,150,148,
108,187,100,82,59,226,112,22,
240,141,143,172,54,88,229,144,
72,192,250,18,26,106,52,16,
51,24,45,217,177,56,57,90,
154,139,182,70,78,167,53,155,
103,93,128,42,166,39,152,161,
204,210,165,28,149,247,98,50,
58,29,212,233,156,87,199,84,
80,9,196,231,41,252,126,201,
223,34,83,19,64,173,133,238,
216,86,71,48,47,99,242,61,
188,92,121,129,243,193,162,122,
35,6,157,79,49,203,21,136,
94,15,198,215,211,151,63,220,
237,251,163,109,205,131,234,36,
200,97,138,169,159,202,62,76,
31,73,213,191,194,7,23,134,
44,209,32,208,219,55,37,123,
10,221,190,135,160,14,146,105,
185,181,25,180,127,183,101,140,
77,153,230,27,255,142,0,3,
214,33,132,111,137,225,174,206,
29,152,4,119,164,85,50,78,
207,154,254,170,149,229,58,70,
248,180,91,114,226,144,146,64,
222,125,218,245,252,43,123,107,
0,181,187,160,188,246,137,72,
44,140,162,195,235,14,112,110,
33,147,116,173,45,175,71,56,
106,215,40,172,7,128,2,101,
179,108,223,151,203,8,81,42,
219,244,59,242,89,55,205,12,
47,171,184,157,1,61,13,120,
90,189,165,38,239,209,95,115,
253,232,88,227,117,15,182,249,
240,62,100,9,191,174,105,32,
155,190,99,138,201,132,76,57,
141,241,148,48,83,75,134,213,
51,194,136,94,158,31,24,193,
74,237,111,17,204,96,247,200,
178,135,63,93,11,130,73,69,
126,250,35,233,202,153,212,66,
234,185,217,18,231,163,37,41,
197,129,198,30,131,20,196,39,
25,118,53,156,159,16,82,143,
98,139,28,109,77,142,60,80,
19,169,127,86,183,150,21,121,
6,113,87,49,238,210,92,22,
104,220,67,103,251,224,177,228,
84,166,68,192,211,186,199,97,
122,3,214,34,23,255,221,176,
46,10,124,167,225,206,26,236,
216,36,230,168,54,5,145,27,
102,243,52,79,65,208,133,161,
186,139,248,174,215,94,57,224,
168,124,184,165,222,212,176,41,
183,72,129,30,78,232,145,245,
213,88,146,36,136,29,205,10,
152,210,17,142,70,162,2,216,
236,45,246,96,204,4,190,95,
181,180,219,242,18,117,179,60,
198,159,133,97,21,249,227,253,
182,91,148,56,140,244,74,127,
231,39,59,194,173,223,104,33,
135,48,37,26,7,52,131,157,
111,105,143,11,64,170,89,16,
112,87,132,43,201,243,13,51,
128,192,73,202,55,125,150,107,
220,62,100,154,114,229,233,185,
65,255,225,101,141,76,81,20,
251,69,163,23,113,109,31,92,
42,250,221,32,53,203,50,12,
118,120,47,54,178,137,58,15,
116,83,189,207,147,239,211,82,
153,121,209,195,108,238,71,241,
68,122,66,164,206,193,171,217,
77,98,218,166,144,226,22,34,
84,1,40,6,149,188,93,160,
158,134,99,172,5,254,130,27,
161,61,200,208,85,110,80,252,
187,126,235,234,197,28,119,102,
35,106,38,19,90,9,49,79,
156,63,24,191,123,155,237,175,
115,0,169,25,75,230,44,177,
138,103,167,67,214,247,3,86,
46,199,228,196,8,14,151,240,
238,139,225,176,52,27,32,140,
250,204,69,130,216,23,29,80,
68,100,101,136,197,93,53,135,
142,233,147,39,231,254,181,177,
242,97,110,129,153,173,189,37,
202,155,120,235,138,159,72,201,
79,114,38,192,157,208,10,51,
199,213,117,54,248,194,95,220,
41,236,102,104,239,128,156,180,
144,158,58,113,49,215,206,64,
65,154,133,170,47,166,121,169,
82,226,60,111,145,161,227,73,
11,12,67,94,24,125,3,99,
207,198,14,183,66,75,137,200,
8,62,46,30,84,103,143,193,
123,1,196,151,122,148,240,16,
87,222,237,243,178,141,246,131,
63,186,195,214,28,5,91,119,
43,252,77,0,182,247,105,78,
7,106,86,40,83,132,249,96,
112,18,88,229,71,210,61,44,
15,187,108,19,245,184,36,234,
118,165,25,9,241,81,20,168,
92,160,127,126,244,223,205,115,
150,45,211,255,85,26,50,188,
98,179,219,149,162,21,90,221,
171,203,74,22,217,56,218,107,
134,163,59,2,232,152,57,212,
4,251,209,172,167,76,253,124,
230,89,6,228,190,191,146,175,
174,116,17,34,13,109,42,31,
33,224,164,35,48,185,55,70,
199,124,161,82,148,186,254,207,
155,75,34,149,190,178,18,139,
30,194,216,244,25,189,180,64,
23,192,226,164,3,90,193,203,
221,123,154,36,242,93,45,44,
15,54,73,152,114,175,43,47,
253,198,228,229,169,218,14,26,
31,127,146,156,46,5,21,177,
104,209,88,136,225,100,141,151,
232,170,183,108,208,162,113,227,
70,2,231,116,60,42,185,163,
249,160,79,188,213,134,135,174,
120,205,19,48,250,4,234,27,
215,128,7,167,224,103,173,233,
87,53,0,248,230,9,55,12,
80,241,24,191,96,171,168,65,
142,61,200,16,138,222,6,91,
182,172,98,147,184,179,49,58,
32,210,10,66,211,125,239,117,
71,245,133,11,131,40,51,204,
57,68,206,83,153,85,219,217,
201,94,59,238,35,255,197,102,
246,105,140,126,130,212,157,166,
38,112,202,92,107,158,252,63,
176,28,101,111,122,115,97,150,
110,121,132,119,52,17,13,20,
143,86,77,214,1,237,165,223,
118,195,69,181,81,67,196,41,
145,56,106,62,129,29,220,95,
78,74,137,89,243,50,84,72,
144,8,37,251,109,247,187,33,
240,235,22,99,39,236,159,76,
71,66,72,99,129,14,3,253,
202,85,174,204,115,194,185,107,
18,97,4,160,230,37,70,12,
45,60,137,236,28,199,31,225,
218,151,33,21,241,19,15,146,
1,233,247,104,248,237,217,171,
189,192,245,77,176,82,157,5,
161,153,0,229,76,238,30,206,
73,122,67,57,149,227,125,196,
80,163,53,178,138,65,244,81,
102,145,170,108,43,54,114,41,
22,96,219,17,63,126,175,100,
183,179,51,166,90,34,180,26,
44,158,61,24,130,165,205,27,
118,121,55,52,207,195,112,8,
144,49,223,48,222,173,86,220,
87,203,9,141,150,177,92,78,
111,142,228,88,221,2,64,47,
56,139,39,35,13,242,133,201,
154,120,251,62,252,226,198,187,
168,134,83,89,135,23,155,103,
197,59,231,101,184,116,132,212,
106,50,246,46,29,182,58,255,
216,32,156,69,20,214,94,84,
124,254,240,113,127,213,25,235,
105,10,169,239,208,193,181,148,
162,16,79,210,143,140,93,68,
36,167,152,128,6,243,7,250,
159,109,211,224,188,186,191,74,
200,209,11,232,119,117,95,136,
172,249,98,75,164,40,38,110,
147,190,131,123,234,215,42,91,
210,68,153,209,45,109,67,212,
37,19,146,150,106,125,93,20,
62,179,139,194,203,65,12,43,
39,229,122,27,42,248,190,36,
207,131,79,124,103,95,215,112,
26,236,28,90,159,4,66,63,
138,56,74,77,154,186,255,162,
98,195,225,200,196,121,165,108,
33,135,34,220,61,191,230,0,
238,75,231,208,22,187,16,40,
2,81,137,243,206,252,80,128,
184,1,5,202,204,107,100,174,
233,224,18,60,118,134,234,46,
141,96,111,76,8,91,120,116,
49,160,83,57,140,23,87,249,
177,6,241,193,232,175,221,78,
15,21,152,132,30,50,213,55,
147,130,13,148,117,24,104,171,
129,38,144,86,17,198,73,3,
113,188,170,218,247,85,164,239,
92,53,142,110,31,178,183,69,
226,168,244,14,89,227,176,54,
102,166,253,41,59,251,35,44,
216,114,29,64,223,228,51,48,
167,94,71,173,254,127,143,145,
136,155,157,133,9,235,47,205,
82,158,250,156,192,10,151,88,
163,52,7,58,84,115,185,189,
181,242,70,222,246,126,172,211,
11,245,214,97,182,217,149,123,
219,169,105,199,240,101,161,201,
72,99,237,32,119,197,180,25,
146,143,171,40,39,137,254,9,
240,132,84,218,14,72,82,184,
134,159,110,34,80,252,47,209,
58,233,105,90,79,220,248,8,
192,41,212,113,174,45,36,204,
10,26,124,25,42,183,0,104,
205,74,122,131,83,31,203,89,
145,38,150,97,57,48,189,7,
239,200,73,116,229,226,67,65,
119,70,12,23,111,190,139,250,
176,53,127,103,71,91,236,64,
115,19,98,169,24,106,251,66,
168,76,138,44,181,35,175,52,
18,215,100,195,140,88,130,62,
172,154,162,196,63,179,2,112,
1,60,16,232,101,191,50,54,
13,107,214,148,217,49,167,29,
46,17,69,163,68,216,221,158,
15,87,5,6,213,147,198,55,
207,3,164,238,126,156,93,182,
27,242,120,178,246,237,249,92,
234,165,133,222,202,95,144,225,
161,81,108,187,129,125,180,37,
78,86,235,160,228,22,170,94,
153,230,210,109,141,157,253,20,
149,85,155,4,223,193,243,247,
75,177,197,56,77,188,173,43,
28,244,152,117,61,219,121,211,
136,33,123,11,186,194,30,21,
199,224,118,59,166,151,51,241,
245,135,185,128,32,201,142,96,
255,114,102,231,206,208,99,227,
113,241,169,176,8,22,27,40,
191,11,41,80,243,145,248,179,
26,24,44,15,106,85,141,138,
119,142,132,82,112,95,166,205,
17,228,183,13,103,39,50,52,
109,61,73,90,3,252,45,195,
20,105,165,182,239,245,251,254,
148,99,143,43,181,37,87,77,
47,209,54,168,78,231,33,55,
118,81,186,136,255,88,46,150,
96,64,213,153,192,171,161,207,
42,29,134,32,206,6,221,187,
10,124,222,163,244,225,253,25,
250,114,31,154,200,189,51,72,
57,70,214,199,101,53,12,19,
76,235,229,232,185,157,58,56,
130,155,1,91,28,223,102,36,
133,107,121,180,226,128,208,93,
97,68,60,65,7,230,135,122,
172,140,63,48,79,38,59,131,
30,212,75,18,203,9,129,170,
174,227,194,116,14,5,237,137,
146,201,175,94,215,177,100,139,
98,127,62,234,162,84,34,158,
4,196,216,188,246,86,83,16,
217,149,126,147,156,120,184,190,
111,160,69,236,35,224,144,74,
92,204,178,21,117,71,249,247,
0,115,218,219,210,67,49,164,
159,220,152,211,125,108,151,66,
242,167,123,89,23,198,173,193,
104,2,110,240,233,238,202,197,
37,14,232,239,251,202,198,106,
102,9,21,147,100,93,200,189,
204,214,116,193,126,144,43,222,
166,88,86,242,160,143,153,130,
59,133,167,70,170,91,161,210,
163,247,246,15,177,216,183,107,
97,114,195,66,205,155,56,13,
237,156,104,169,221,150,103,123,
207,225,1,113,253,33,187,164,
215,184,132,248,125,90,165,54,
175,72,252,151,69,45,140,40,
109,32,134,203,190,19,51,208,
213,249,24,139,12,74,194,57,
206,244,182,3,230,73,85,142,
63,154,60,4,47,26,233,94,
110,141,53,112,30,255,64,36,
127,168,55,76,229,148,0,250,
218,145,79,58,146,240,31,71,
41,188,44,228,34,96,174,172,
120,196,180,80,179,78,8,135,
238,171,128,35,245,49,48,27,
243,192,220,186,235,159,157,89,
38,236,136,185,23,39,181,92,
17,118,119,197,67,77,2,211,
105,81,117,7,10,61,137,199,
83,212,162,224,158,138,122,84,
11,95,25,223,152,52,82,46,
29,98,201,219,20,149,50,209,
5,108,231,227,62,99,121,176,
101,234,18,115,87,22,131,16,
65,68,178,28,254,124,226,217,
6,173,129,111,75,241,42,191,
114,52,40,118,19,234,131,26,
237,148,122,86,68,108,187,61,
224,83,124,4,230,82,75,221,
194,22,171,67,151,76,177,191,
149,41,144,251,33,179,178,226,
45,57,20,97,185,215,135,167,
23,150,51,111,129,24,46,58,
246,139,133,39,156,15,29,236,
21,176,222,81,200,69,213,199,
238,250,125,181,152,93,217,105,
3,50,145,109,233,100,64,182,
112,243,225,77,120,203,219,12,
254,195,157,220,44,240,107,223,
142,183,153,14,110,80,27,247,
53,159,49,11,232,30,84,94,
115,173,147,62,104,10,155,90,
127,119,16,121,207,141,18,55,
197,2,102,6,255,60,170,201,
73,43,138,36,193,92,165,231,
126,103,0,154,59,31,184,216,
160,101,28,229,13,91,89,88,
47,228,249,164,239,96,180,87,
166,248,37,5,1,196,132,192,
214,95,65,241,137,168,25,245,
244,211,38,205,34,79,128,218,
74,235,85,42,175,208,106,63,
56,162,186,140,169,66,113,204,
242,202,252,134,99,70,212,198,
78,9,253,72,174,7,158,209,
130,146,32,35,172,227,136,143,
48,210,117,163,8,123,17,161,
116,206,54,71,188,98,190,189,
218,54,38,197,123,1,99,58,
211,166,59,107,2,255,31,226,
199,3,170,172,132,140,136,115,
19,222,47,5,82,105,224,193,
81,45,126,150,87,118,234,244,
0,11,40,75,187,95,252,102,
141,205,217,125,245,223,138,98,
73,127,101,66,131,17,77,129,
133,70,88,112,206,83,173,203,
186,184,253,159,60,100,147,225,
213,174,208,214,128,167,230,202,
235,44,248,63,97,153,188,156,
76,135,80,162,169,68,39,163,
124,18,53,50,108,233,240,228,
121,10,254,56,24,200,204,195,
134,48,191,198,143,181,182,209,
7,72,103,145,57,160,130,111,
25,196,23,114,251,32,110,231,
69,220,215,185,180,221,37,43,
161,96,178,237,201,55,84,176,
21,246,158,122,219,171,34,89,
65,79,52,13,151,119,210,232,
41,247,155,177,12,250,154,6,
86,74,142,241,94,146,179,29,
120,190,229,165,104,26,85,168,
30,212,148,61,64,49,27,236,
46,239,9,33,164,189,36,139,
149,183,35,42,116,117,192,71,
243,194,157,78,28,20,227,109,
144,4,14,62,113,249,175,91,
242,106,207,238,15,137,8,16,
22,90,92,216,152,51,93,67,
78,117,200,90,249,110,44,190,
82,128,118,7,221,104,161,198,
4,5,242,43,74,208,112,2,
13,173,68,185,51,45,222,3,
159,92,107,66,123,151,162,86,
70,246,29,204,38,83,189,142,
76,73,72,10,102,199,28,181,
196,229,91,171,32,26,52,150,
55,122,116,168,192,84,164,216,
234,119,71,184,144,131,50,206,
179,56,0,120,137,231,143,148,
134,30,219,197,96,133,19,9,
180,62,61,233,34,48,33,100,
79,252,152,224,36,157,158,247,
220,111,178,57,23,114,126,214,
87,37,22,188,17,155,255,205,
169,125,213,101,191,154,67,77,
18,80,35,139,94,254,239,63,
113,31,253,64,225,121,97,69,
20,241,145,129,194,153,105,27,
165,238,228,46,81,40,21,203,
215,245,187,182,223,54,106,14,
75,251,49,207,39,25,243,15,
156,115,210,183,138,232,140,59,
6,160,176,103,202,65,193,167,
95,174,60,235,42,218,175,89,
237,166,146,141,236,24,99,8,
195,250,136,209,93,147,88,127,
124,230,11,135,240,16,211,149,
53,41,130,1,163,47,226,248,
217,132,177,244,227,108,172,201,
85,170,109,212,98,58,186,12,
48,94,79,121,187,191,248,250,
221,15,177,37,159,230,223,207,
35,117,190,158,29,52,148,192,
154,199,0,128,112,213,65,30,
16,206,78,156,162,130,116,247,
7,251,17,229,1,55,38,98,
22,87,45,40,28,63,139,13,
85,175,195,249,91,157,39,243,
127,171,232,184,120,174,218,146,
165,208,231,58,110,108,186,49,
140,24,202,149,135,209,81,88,
188,254,109,80,73,170,53,92,
193,75,68,123,96,33,97,95,
204,111,194,101,8,114,118,11,
255,235,181,237,179,246,205,166,
67,12,168,131,83,64,217,90,
70,66,138,76,212,51,46,62,
233,226,18,238,3,244,113,25,
203,211,197,6,104,180,23,164,
173,50,189,215,155,234,143,126,
19,4,163,150,57,124,241,69,
152,200,253,167,31,178,20,151,
245,72,224,182,136,2,122,105,
103,169,132,119,219,242,142,10,
107,160,56,21,145,9,47,5,
54,161,77,137,196,61,214,222,
99,210,201,144,125,220,44,74,
134,89,106,14,176,86,82,41,
59,185,239,147,183,141,36,129,
133,240,32,115,71,102,42,60,
228,84,34,236,227,93,100,27,
216,198,26,43,252,153,172,225,
58,112,140,204,253,123,175,88,
203,0,5,222,251,8,9,10,
47,3,38,100,117,20,221,137,
99,146,61,228,223,41,188,111,
26,156,104,121,164,52,174,214,
255,113,77,75,49,129,211,131,
32,205,14,64,51,227,48,152,
166,195,216,249,34,158,132,133,
60,243,187,247,151,25,22,84,
200,148,163,37,74,145,109,143,
220,87,15,168,178,233,79,43,
250,190,219,35,105,176,59,130,
254,101,142,169,19,193,95,65,
102,235,13,184,191,72,91,213,
83,29,114,53,42,157,208,28,
170,40,80,177,50,209,82,78,
153,206,192,97,1,197,55,239,
7,232,159,57,66,108,212,171,
68,229,89,125,182,63,21,244,
126,135,69,134,179,150,141,138,
103,198,215,210,17,252,96,189,
248,240,155,154,218,85,186,234,
183,181,67,245,36,161,207,4,
18,62,242,167,119,147,116,107,
136,128,144,124,115,196,217,39,
127,118,237,45,236,23,27,162,
230,139,92,120,12,172,122,225,
90,110,199,46,76,165,246,226,
81,93,185,149,44,24,56,241,
54,231,31,86,33,106,2,11,
224,6,180,173,202,160,73,30,
16,201,194,98,94,70,71,238,
24,119,100,22,249,180,88,28,
40,66,118,37,56,59,133,175,
171,21,19,152,177,63,110,225,
47,205,113,220,252,79,251,15,
212,5,200,12,62,68,44,221,
185,33,182,166,120,89,143,243,
218,74,53,31,10,253,219,51,
11,222,129,197,136,206,142,4,
91,174,130,124,235,101,49,65,
255,29,105,195,147,80,115,54,
145,78,93,18,48,178,250,114,
104,26,23,183,231,238,236,95,
162,131,248,121,229,7,234,233,
109,172,77,169,6,50,140,9,
203,232,224,194,227,70,75,244,
201,139,76,228,3,213,163,25,
158,164,196,210,64,209,199,108,
52,17,34,72,215,14,99,165,
241,155,61,216,107,138,202,111,
39,41,123,45,86,146,126,144,
30,184,188,67,214,193,102,192,
198,1,94,230,148,161,71,128,
13,179,149,57,87,106,112,27,
42,35,186,245,2,240,20,116,
189,154,204,211,242,135,90,191,
167,82,226,247,73,83,60,98,
92,134,141,190,84,156,127,217,
55,16,43,38,69,159,150,8,
46,32,173,246,81,58,122,239,
160,132,36,137,207,181,96,97,
125,0,157,254,153,176,85,170,
103,237,151,208,117,168,223,187,
242,157,139,170,93,163,238,29,
49,213,141,203,8,219,104,143,
123,66,69,81,140,13,222,6,
156,100,126,105,35,75,153,124,
19,23,150,133,225,158,249,43,
235,111,113,254,31,56,46,198,
239,40,247,252,197,94,191,137,
22,78,37,207,192,1,68,86,
12,236,130,165,187,172,237,204,
87,121,48,5,147,14,183,152,
106,164,25,26,188,108,246,129,
58,95,3,85,243,109,166,168,
208,119,36,220,24,217,250,185,
154,221,92,155,39,103,231,184,
182,122,73,194,169,32,41,190,
145,227,245,234,88,98,102,253,
151,34,149,148,57,59,189,160,
142,67,229,50,7,114,60,118,
70,53,10,28,181,212,132,128,
179,176,206,20,101,18,83,91,
42,96,9,193,52,89,240,136,
72,107,196,230,97,226,15,210,
134,44,62,79,80,115,205,77,
116,63,27,135,65,82,162,175,
223,200,214,0,209,144,127,255,
241,64,47,120,224,90,244,21,
125,201,84,248,233,74,11,202,
71,215,112,4,131,173,159,30,
174,16,45,161,38,195,167,55,
51,232,211,117,171,251,186,110,
199,146,177,180,61,216,17,178,
228,33,76,54,138,99,2,218,
67,207,108,165,110,139,89,19,
225,174,240,76,51,160,239,212,
148,192,13,189,252,4,195,52,
88,98,128,136,69,222,175,198,
45,37,53,126,30,154,94,242,
25,121,84,246,80,129,85,137,
200,191,5,93,111,8,35,201,
39,211,90,164,24,101,133,65,
194,186,124,38,138,60,3,49,
43,105,86,153,251,107,36,143,
142,179,235,230,135,57,116,229,
236,127,61,206,17,216,241,96,
161,248,7,22,223,82,34,97,
150,226,54,144,125,227,155,50,
79,2,64,152,232,33,28,190,
181,214,156,70,204,231,58,151,
250,244,215,210,131,63,228,219,
162,102,188,197,149,55,202,237,
173,99,42,18,71,75,113,147,
118,15,141,213,243,23,31,62,
146,56,224,178,59,109,123,167,
132,103,83,29,21,112,100,74,
185,68,169,122,168,14,40,172,
157,9,249,221,1,66,78,170,
91,247,72,180,171,44,119,187,
48,199,184,182,163,183,159,233,
46,106,20,177,87,220,95,196,
41,114,77,176,0,234,254,134,
217,27,245,10,166,193,158,117,
12,145,47,115,209,218,205,32,
208,6,81,92,104,203,140,253,
73,120,16,11,238,130,26,255,
62,191,252,126,231,75,144,207,
254,13,181,119,198,93,194,243,
164,72,52,22,187,140,197,65,
80,147,229,10,94,178,145,61,
40,36,186,161,201,88,125,91,
113,208,136,112,221,219,228,19,
175,192,9,105,204,37,34,233,
206,109,33,28,248,237,189,78,
11,116,143,183,184,66,102,77,
8,203,58,236,152,177,29,73,
169,182,20,120,142,74,97,95,
247,167,1,188,156,118,76,255,
110,128,216,47,81,6,157,213,
21,111,193,104,230,200,3,121,
54,150,168,45,155,176,25,60,
149,134,32,43,122,44,35,24,
68,220,205,141,139,160,2,123,
86,244,130,63,0,117,190,240,
245,202,49,166,218,251,159,82,
154,163,26,211,235,250,46,162,
103,137,90,127,215,115,16,92,
85,101,253,99,170,31,151,71,
30,225,57,246,38,124,41,131,
84,173,98,114,158,129,87,232,
106,174,5,7,42,199,79,179,
185,59,234,209,108,27,227,222,
242,214,223,172,195,107,138,226,
67,224,83,69,238,96,241,4,
12,135,14,70,217,89,17,51,
133,165,180,148,56,210,18,55,
100,196,50,64,171,48,39,239,
53,132,23,212,146,153,15,249,
250,172,42,177,147,252,185,14,
76,60,92,89,129,149,13,11,
115,244,2,226,178,116,38,181,
36,77,32,81,68,136,137,57,
79,31,245,29,50,197,26,84,
190,8,95,196,46,163,5,255,
59,195,45,193,176,169,69,82,
87,249,187,151,24,98,6,56,
167,110,63,65,248,188,164,154,
241,20,175,10,118,227,88,67,
96,253,138,119,43,17,103,134,
240,15,200,49,3,117,238,230,
52,242,214,113,111,165,132,184,
133,55,100,122,247,41,112,102,
126,157,182,105,229,208,108,209,
183,222,219,73,171,72,202,139,
54,27,4,78,251,174,231,232,
211,7,204,225,143,168,142,228,
212,64,239,18,180,35,191,94,
33,58,131,40,203,86,152,201,
28,179,254,140,37,173,156,166,
30,246,80,39,121,243,135,21,
141,144,217,104,206,199,130,114,
83,51,66,44,213,224,120,160,
107,124,85,146,155,53,70,215,
90,236,218,205,207,198,74,221,
34,216,47,93,61,19,125,48,
162,170,62,189,186,16,23,161,
145,194,223,101,192,127,153,91,
106,71,159,22,235,237,128,25,
148,220,150,97,1,158,75,123,
12,109,233,234,0,210,99,9,
13,76,213,163,10,235,246,164,
44,43,147,236,254,34,161,102,
50,123,105,49,17,112,27,151,
170,230,91,72,24,243,227,198,
209,37,56,150,168,142,184,179,
172,152,77,171,2,215,26,196,
84,248,16,68,75,99,154,29,
195,222,162,175,12,187,14,219,
203,130,5,149,242,42,137,81,
169,107,156,121,69,173,255,125,
101,224,108,220,48,120,30,115,
231,104,200,128,197,18,217,113,
46,158,176,132,135,103,249,85,
28,199,79,208,218,93,64,239,
54,178,117,221,98,9,90,35,
66,153,211,241,87,40,7,214,
3,47,63,31,247,95,88,207,
216,237,86,177,226,192,238,22,
232,97,53,94,71,167,136,20,
52,253,57,39,233,133,228,201,
190,122,183,193,165,19,109,155,
51,62,111,0,6,82,61,58,
124,96,229,38,70,114,180,127,
138,148,212,41,234,204,191,134,
78,157,73,119,245,143,59,74,
210,1,110,144,194,202,11,244,
8,116,83,160,21,223,32,145,
106,126,15,141,206,159,250,67,
55,118,139,188,189,131,251,146,
45,129,100,60,36,205,140,252,
186,182,80,65,174,181,225,89,
92,23,240,166,25,185,4,33,
206,178,177,243,197,102,227,31,
198,80,67,181,190,233,217,153,
122,250,236,123,29,156,202,86,
5,14,147,47,140,248,10,230,
78,221,91,59,186,92,249,238,
115,13,159,133,53,44,165,24,
126,82,23,163,103,27,171,6,
54,116,36,175,88,189,211,17,
43,253,200,225,7,74,174,58,
38,48,41,205,39,87,149,124,
46,51,84,150,71,127,183,34,
37,129,20,146,132,25,85,9,
16,162,199,210,104,167,125,241,
232,219,144,201,145,60,187,101,
148,109,152,251,135,112,65,62,
239,1,164,75,21,195,108,207,
244,49,3,204,119,155,95,254,
72,42,218,8,235,70,0,100,
93,107,56,134,188,35,76,111,
32,169,12,173,137,11,45,98,
192,113,22,139,30,185,114,151,
131,63,142,89,176,214,57,154,
4,81,166,247,161,222,40,99,
179,105,229,196,50,106,68,194,
234,28,121,97,73,228,52,96,
110,255,252,182,55,19,66,26,
79,216,246,117,128,138,64,215,
90,69,208,18,158,160,94,224,
157,120,231,118,15,220,143,2,
141,184,33,77,240,61,170,130,
213,203,223,226,168,136,180,237,
83,209,172,242,212,245,191,193,
233,76,194,156,222,148,107,74,
229,125,209,68,37,24,10,172,
236,47,0,33,221,101,95,230,
210,207,103,134,173,102,19,115,
123,69,195,193,242,40,97,136,
46,63,139,44,23,48,191,27,
82,216,158,225,228,1,246,169,
22,12,92,163,20,199,155,38,
26,28,2,13,224,165,151,36,
105,124,135,110,250,213,201,128,
14,145,52,117,85,211,130,51,
138,15,243,204,180,9,177,25,
112,153,72,249,89,240,154,41,
159,187,3,196,186,157,29,7,
54,57,208,116,133,217,137,142,
60,197,203,176,5,35,8,220,
188,32,200,21,129,119,143,245,
45,175,18,227,71,254,218,231,
189,66,171,67,70,214,73,62,
248,118,58,149,91,121,55,219,
16,183,77,93,168,226,98,179,
223,152,96,252,53,141,247,30,
190,61,234,144,79,178,140,255,
90,146,120,132,99,65,147,237,
31,49,182,11,64,206,202,160,
122,100,83,131,253,34,170,108,
161,56,84,232,39,17,167,238,
114,43,198,42,111,215,150,244,
251,162,6,185,174,127,205,164,
80,184,87,241,166,109,212,86,
104,239,78,126,235,4,59,113,
94,75,181,81,50,106,88,192,
249,191,111,14,226,229,98,178,
25,210,16,230,52,150,237,51,
23,251,145,120,176,187,17,165,
215,86,106,18,142,158,180,84,
107,124,174,0,2,152,175,255,
162,182,129,188,209,87,153,32,
66,47,63,42,183,166,234,177,
189,195,20,12,238,59,13,74,
122,161,231,35,31,104,15,218,
24,201,57,239,79,128,220,116,
216,208,139,72,102,190,85,134,
205,228,198,75,28,185,115,113,
181,5,127,202,27,103,38,46,
156,22,89,7,207,214,125,36,
4,241,10,123,71,247,9,92,
194,151,148,119,112,29,193,250,
245,167,154,163,93,118,132,41,
204,53,108,253,70,83,144,121,
224,164,159,160,157,169,131,49,
138,126,77,91,184,65,252,213,
254,48,137,90,64,212,172,168,
100,54,94,222,37,67,55,44,
30,227,200,105,135,45,3,219,
76,26,206,186,146,69,82,88,
246,233,147,95,99,143,11,68,
43,244,248,21,110,62,50,40,
78,130,223,199,173,211,225,140,
39,80,235,155,109,56,6,217,
149,114,101,221,96,73,61,8,
171,34,1,236,33,141,243,81,
97,58,196,192,60,117,203,133,
136,240,170,179,19,242,197,232,
134,133,154,179,111,94,200,240,
69,201,192,169,72,50,212,0,
224,181,255,162,67,170,191,250,
85,138,71,87,189,146,118,68,
1,215,152,246,77,36,131,149,
34,122,30,17,223,26,127,182,
59,180,183,159,243,251,54,217,
228,61,11,232,43,95,58,74,
233,65,221,73,80,103,31,9,
40,76,53,7,57,227,102,63,
4,150,248,93,247,148,130,236,
205,60,120,173,46,123,214,116,
186,140,252,199,253,171,45,25,
137,24,229,166,175,213,78,161,
190,79,90,20,156,83,136,121,
167,41,185,202,92,153,198,38,
128,238,237,81,98,2,89,164,
91,16,97,220,42,174,141,99,
219,147,178,6,66,142,139,39,
222,176,188,15,5,204,117,104,
155,193,196,231,37,84,114,129,
29,218,14,254,56,197,52,165,
132,113,108,75,86,209,100,151,
28,19,160,22,3,8,168,32,
234,49,145,187,27,210,110,44,
64,48,241,184,143,112,239,124,
226,216,106,35,177,119,126,194,
82,33,203,101,235,107,225,96,
21,62,88,158,47,55,172,13,
244,211,207,144,208,135,245,249,
12,23,109,105,10,18,206,230,
115,163,70,195,125,242,51,157,
44,120,135,23,217,186,12,187,
95,167,168,86,140,13,52,143,
148,109,98,189,235,54,88,170,
165,201,158,77,214,6,145,2,
254,248,7,234,57,188,70,224,
25,154,152,169,219,106,133,212,
132,157,215,1,117,253,8,61,
184,89,241,244,198,105,83,130,
110,205,228,34,233,200,162,36,
37,17,213,128,227,18,218,19,
164,41,3,80,237,56,116,10,
161,246,118,67,58,5,221,209,
21,192,181,14,134,131,127,42,
50,193,199,229,60,223,74,255,
238,29,28,113,64,146,108,78,
125,107,40,51,176,190,87,155,
147,136,104,24,226,102,30,173,
22,99,177,76,180,32,203,242,
82,126,94,197,208,230,63,119,
236,101,240,65,47,69,216,251,
46,45,247,191,137,124,97,185,
49,163,139,182,68,206,123,114,
141,211,11,250,43,103,84,222,
202,210,90,35,9,59,85,39,
171,31,183,179,194,245,243,144,
175,142,4,111,159,225,121,172,
252,66,20,71,129,38,15,96,
174,27,153,53,220,33,232,115,
93,178,160,150,26,196,166,16,
149,92,75,48,100,195,239,249,
81,231,204,207,151,79,55,138,
112,91,122,0,72,156,62,73,